0.
0.4353292
0.7225781
0.7959857
0.7959681
0.7993939
0.8006427
0.8061328
0.8012658
0.7993776
0.728038
0.8002333
0.7958769
0.8211222
0.8256336
0.8154849
0.8007256
0.812456
0.8065884
0.8053281
0.8001245
0.8076871
0.7936296
0.8058436
0.8040416
0.8026652
0.7959582
0.7920004
0.8105556
0.7218982
0.8034692
0.8113943
0.8058188
0.805293
0.8055564
0.8128026
0.8004763
0.8037471
0.8058017
0.8033248
0.8019208
0.7920827
0.8002542
0.7971783
0.7893613
0.8004671
0.8060496
0.797748
0.7921344
0.8092746
0.791416
0.7931307
0.7177755
0.8082067
0.8143531
0.8006003
0.7967401
0.8068647
0.8010148
0.8130583
0.8167275
0.8071694
0.4353292
0.
0.7196747
0.7922055
0.7948429
0.8004288
0.7997204
0.8008845
0.7968461
0.7974579
0.7228777
0.7938244
0.7948087
0.824516
0.8176694
0.8100502
0.7955197
0.808469
0.7988597
0.8031742
0.7967964
0.8054699
0.791314
0.8075736
0.8038413
0.8026714
0.7924687
0.7987269
0.8119594
0.7182504
0.803341
0.8079313
0.8038726
0.8053868
0.8075465
0.8112206
0.7995825
0.8043282
0.8056692
0.8021557
0.7997543
0.7928177
0.7935851
0.7918799
0.7890767
0.7982346
0.8061825
0.7962016
0.7901783
0.8083942
0.7991588
0.7946003
0.7129607
0.8067555
0.8174033
0.7976969
0.7983911
0.8058162
0.7966111
0.8137871
0.81024
0.79978
0.7225781
0.7196747
0.
0.8042306
0.8006644
0.8055146
0.8043877
0.8110345
0.8083739
0.8045231
0.7428963
0.8047755
0.8022126
0.8346942
0.8180198
0.8092518
0.8027584
0.8138209
0.8048227
0.8051231
0.8113009
0.8097003
0.804593
0.8066288
0.8162655
0.8146812
0.8140644
0.8159947
0.8146985
0.0089584
0.8129889
0.8109556
0.8035354
0.8019451
0.8212893
0.8274065
0.8186693
0.818057
0.8193929
0.8222563
0.8117214
0.8052983
0.8079047
0.8099037
0.7963666
0.8121206
0.8191959
0.810145
0.8096374
0.8191053
0.8090373
0.8094252
0.738938
0.8193544
0.8230833
0.797776
0.7968266
0.8026299
0.7975266
0.8250723
0.8110645
0.8052935
0.7959857
0.7922055
0.8042306
0.
0.3583709
0.3604989
0.3554112
0.6528705
0.6548614
0.6473161
0.8046087
0.4041863
0.3605301
0.8284301
0.8042155
0.7902318
0.7778741
0.7912486
0.7864135
0.7861212
0.8157918
0.8205328
0.8053231
0.8085869
0.817678
0.8176506
0.8190579
0.8125727
0.8246876
0.8040344
0.7497838
0.7645943
0.7855428
0.7912645
0.8166613
0.8146285
0.8182724
0.7518031
0.752474
0.6884736
0.6334847
0.6737501
0.3654301
0.700888
0.6601314
0.7501505
0.7628967
0.6703066
0.7158432
0.7637088
0.8070166
0.8065942
0.8068944
0.7583012
0.8208701
0.7803175
0.7806369
0.7923991
0.7945918
0.766607
0.7930111
0.7972385
0.7959681
0.7948429
0.8006644
0.3583709
0.
0.162545
0.1619728
0.6625238
0.6585383
0.649907
0.8026947
0.4115933
0.0240754
0.8279971
0.8009442
0.791876
0.7812123
0.7887544
0.7867373
0.7890348
0.8136597
0.8185514
0.7992599
0.8016479
0.8167142
0.8159423
0.8145613
0.8104501
0.8212365
0.8008814
0.7544133
0.7666306
0.7867888
0.7880694
0.8157302
0.8128216
0.8161076
0.7531187
0.7560413
0.6889299
0.6403146
0.6751204
0.3875233
0.7042256
0.6641124
0.7558352
0.763131
0.6748683
0.7142765
0.7677738
0.802259
0.8057702
0.803119
0.7560197
0.8225938
0.7790442
0.7790899
0.7884346
0.793178
0.7636255
0.7908387
0.7975548
0.7993939
0.8004288
0.8055146
0.3604989
0.162545
0.
0.0657445
0.6689159
0.6638447
0.6560164
0.8063984
0.412099
0.1660523
0.8311067
0.8058256
0.7967996
0.7855668
0.7969217
0.7903047
0.7911061
0.8203065
0.825086
0.8087096
0.8071878
0.8178262
0.8169281
0.8170444
0.8130178
0.8230863
0.8056029
0.7553602
0.7719564
0.7897113
0.7923836
0.8184479
0.818246
0.8183898
0.757338
0.7607327
0.6905411
0.6427547
0.6747009
0.3938051
0.7065514
0.6691841
0.7594267
0.7635132
0.6804206
0.7175312
0.7702982
0.8037016
0.806581
0.8045432
0.7621269
0.8271973
0.7861221
0.7853563
0.7931948
0.7985848
0.7681361
0.7965013
0.8012256
0.8006427
0.7997204
0.8043877
0.3554112
0.1619728
0.0657445
0.
0.6670249
0.661979
0.6552513
0.8052707
0.4072261
0.1571404
0.8297687
0.804919
0.7948738
0.7836757
0.7952052
0.7887392
0.789001
0.8192845
0.8235121
0.8072561
0.805428
0.8156579
0.814507
0.8160612
0.811872
0.8233827
0.8044325
0.7552759
0.7729708
0.7883349
0.7908327
0.8169558
0.8177601
0.8167102
0.7599707
0.7627025
0.6861213
0.6422658
0.6709952
0.3915547
0.7041322
0.6689697
0.7617271
0.7665716
0.6739151
0.7158839
0.7688541
0.8028489
0.8073898
0.804612
0.7619916
0.8246811
0.7856294
0.7844499
0.7914039
0.7968706
0.7651455
0.7945744
0.7978017
0.8061328
0.8008845
0.8110345
0.6528705
0.6625238
0.6689159
0.6670249
0.
0.4407283
0.4513941
0.8114799
0.6637564
0.6632069
0.8351604
0.8127285
0.7961434
0.7930213
0.7992932
0.7982546
0.8001831
0.8205682
0.8291998
0.8048757
0.8067696
0.8177582
0.8171725
0.812915
0.8076598
0.8169794
0.8110542
0.7646025
0.7649587
0.7998702
0.7953383
0.8181442
0.8259377
0.8173275
0.7481577
0.7564712
0.6948495
0.6521373
0.6857918
0.6586214
0.7174633
0.4700016
0.7577991
0.7631168
0.6946074
0.7209198
0.7667763
0.8036768
0.8146044
0.8072654
0.7655928
0.8278064
0.7935916
0.7945782
0.7968884
0.7959684
0.7651077
0.8022566
0.8004629
0.8012658
0.7968461
0.8083739
0.6548614
0.6585383
0.6638447
0.661979
0.4407283
0.
0.1861589
0.811169
0.6625365
0.6596461
0.8342928
0.8045195
0.7878663
0.7932486
0.7958122
0.7951408
0.7935224
0.814897
0.8267629
0.7996991
0.8077888
0.8200571
0.8197237
0.8108764
0.8076255
0.8184056
0.8083517
0.7554067
0.7560034
0.7920612
0.7888793
0.8132964
0.8197375
0.8155085
0.7427722
0.7471949
0.6950171
0.6512071
0.6850684
0.6562749
0.7060602
0.210151
0.7524588
0.7530431
0.6870032
0.7140565
0.7572072
0.8046042
0.8075206
0.8053273
0.7563212
0.8265496
0.7778084
0.7773326
0.7912965
0.7924421
0.7661734
0.7937973
0.7954624
0.7993776
0.7974579
0.8045231
0.6473161
0.649907
0.6560164
0.6552513
0.4513941
0.1861589
0.
0.8060182
0.6534745
0.6517383
0.836861
0.801022
0.7845216
0.7890526
0.7893171
0.7909529
0.7890184
0.8125374
0.8242148
0.8009912
0.8069345
0.817233
0.8164195
0.8102807
0.8081483
0.8140622
0.8043758
0.7594013
0.7548117
0.7875634
0.7850943
0.8133077
0.8182842
0.8126691
0.7414216
0.7491871
0.6929511
0.6448527
0.6808621
0.6482739
0.7079905
0.1140119
0.7520653
0.7533481
0.6862458
0.7097029
0.755574
0.7999835
0.8085049
0.8010598
0.7605247
0.8259743
0.7780074
0.7755276
0.787594
0.7907774
0.7658913
0.7893571
0.7920525
0.728038
0.7228777
0.7428963
0.8046087
0.8026947
0.8063984
0.8052707
0.8114799
0.811169
0.8060182
0.
0.8046334
0.8032217
0.8374494
0.8244107
0.8119856
0.8064605
0.8118069
0.7985466
0.803122
0.8133072
0.8249375
0.8044729
0.810845
0.8169855
0.8149818
0.8151508
0.8120418
0.8252479
0.7423617
0.8135913
0.8204998
0.8030942
0.8097206
0.8185313
0.8219032
0.8191222
0.8094623
0.8109027
0.8183436
0.8130582
0.8031288
0.8062708
0.8007852
0.798543
0.810266
0.8123444
0.8074387
0.8106039
0.8143145
0.8037519
0.8055905
0.5237313
0.8133536
0.8248903
0.8021672
0.8006547
0.811217
0.8025171
0.8276903
0.8170807
0.8055523
0.8002333
0.7938244
0.8047755
0.4041863
0.4115933
0.412099
0.4072261
0.6637564
0.6625365
0.6534745
0.8046334
0.
0.4155547
0.8300557
0.8075797
0.793888
0.7842244
0.7942675
0.7845345
0.7859313
0.8173411
0.8248764
0.8044285
0.8064905
0.8152689
0.814916
0.8173592
0.8125567
0.8236187
0.8044566
0.7553042
0.7715984
0.7851236
0.7889084
0.8175308
0.8186766
0.8173661
0.7582592
0.755016
0.6867832
0.6397254
0.6706175
0.4182231
0.7025343
0.6704848
0.7529578
0.7647632
0.6719603
0.7179523
0.7673667
0.8025981
0.8023464
0.8062643
0.7593442
0.8233559
0.7853882
0.7844315
0.7905737
0.7973917
0.759423
0.7943557
0.7921348
0.7958769
0.7948087
0.8022126
0.3605301
0.0240754
0.1660523
0.1571404
0.6632069
0.6596461
0.6517383
0.8032217
0.4155547
0.
0.8293881
0.8028484
0.7940932
0.782377
0.7896874
0.7871945
0.7897904
0.8141589
0.8183854
0.7994432
0.8016923
0.8171481
0.8162732
0.8155297
0.8110012
0.8210877
0.8023478
0.7544729
0.7668015
0.7880954
0.7887095
0.8165736
0.8125247
0.8162949
0.7540547
0.7572852
0.6901241
0.6415856
0.6756553
0.3887051
0.7047429
0.6648881
0.7569541
0.7636554
0.6760822
0.7140765
0.7677409
0.8023305
0.80547
0.8040032
0.7556113
0.8229382
0.7777459
0.7800451
0.7888705
0.7927926
0.7647451
0.7926185
0.7968395
0.8211222
0.824516
0.8346942
0.8284301
0.8279971
0.8311067
0.8297687
0.8351604
0.8342928
0.836861
0.8374494
0.8300557
0.8293881
0.
0.8454579
0.8405771
0.8342087
0.8396823
0.841804
0.8404615
0.7992525
0.8071664
0.7958494
0.7995286
0.7777656
0.777303
0.7755682
0.7778329
0.8101125
0.8344524
0.8384394
0.8368109
0.8410335
0.8316641
0.7722172
0.8104081
0.7827403
0.8277462
0.8327563
0.8375391
0.8335495
0.8241527
0.8297824
0.8291568
0.8306698
0.8324363
0.8349229
0.8410553
0.830598
0.839802
0.7706437
0.7922485
0.8339123
0.8398583
0.8161747
0.8293852
0.8270805
0.833135
0.8379588
0.8467254
0.8403373
0.8428625
0.8256336
0.8176694
0.8180198
0.8042155
0.8009442
0.8058256
0.804919
0.8127285
0.8045195
0.801022
0.8244107
0.8075797
0.8028484
0.8454579
0.
0.4995933
0.5741597
0.6099822
0.7352172
0.7338538
0.8300325
0.8277194
0.8222751
0.8245012
0.8356289
0.8345066
0.8397642
0.8223406
0.8473562
0.8180412
0.7984337
0.7923677
0.730616
0.7478857
0.8362833
0.8235901
0.840538
0.7951379
0.7881659
0.8184067
0.7983321
0.8122721
0.802991
0.797978
0.7944095
0.7923062
0.796629
0.8056756
0.7968776
0.7969442
0.8302631
0.8326114
0.8233126
0.7846712
0.8392683
0.7324837
0.7335043
0.7517961
0.7605731
0.8056507
0.4545958
0.7611932
0.8154849
0.8100502
0.8092518
0.7902318
0.791876
0.7967996
0.7948738
0.7961434
0.7878663
0.7845216
0.8119856
0.793888
0.7940932
0.8405771
0.4995933
0.
0.5424342
0.5948627
0.7262515
0.7244595
0.821474
0.8232595
0.8129435
0.8118126
0.829049
0.8281437
0.8272738
0.8159642
0.8344614
0.8090528
0.7852923
0.7901
0.7243827
0.7288513
0.8234986
0.8197784
0.8319647
0.7830904
0.7813795
0.8041891
0.7872949
0.7964484
0.793313
0.7857055
0.7777328
0.7825651
0.7821577
0.7914124
0.7896954
0.7871623
0.8226946
0.8189425
0.8149549
0.7827498
0.8334524
0.7173153
0.7172688
0.7340744
0.7406552
0.7926917
0.470252
0.743415
0.8007256
0.7955197
0.8027584
0.7778741
0.7812123
0.7855668
0.7836757
0.7930213
0.7932486
0.7890526
0.8064605
0.7842244
0.782377
0.8342087
0.5741597
0.5424342
0.
0.5657592
0.7196072
0.7250448
0.8164027
0.8169095
0.802657
0.812332
0.8155657
0.8149696
0.8153535
0.8100917
0.8269667
0.8023981
0.7792494
0.7835357
0.7235845
0.7184624
0.818058
0.8151489
0.8168165
0.7774195
0.7765666
0.7987546
0.7710355
0.7869237
0.7849717
0.7774426
0.7858587
0.782506
0.7823272
0.7832833
0.77929
0.7797125
0.8064447
0.8119984
0.8013783
0.7771627
0.8241965
0.7137836
0.7104241
0.7222756
0.7356036
0.78324
0.5483112
0.7391844
0.812456
0.808469
0.8138209
0.7912486
0.7887544
0.7969217
0.7952052
0.7992932
0.7958122
0.7893171
0.8118069
0.7942675
0.7896874
0.8396823
0.6099822
0.5948627
0.5657592
0.
0.7202025
0.7206827
0.8225204
0.8223294
0.8107466
0.819028
0.8267397
0.8255337
0.8295311
0.819417
0.8377146
0.8135566
0.7820316
0.7927849
0.7246925
0.7278847
0.8191897
0.8213684
0.8309558
0.7772223
0.7755999
0.8043771
0.784773
0.8016366
0.7962292
0.7923491
0.7876747
0.7849728
0.7905537
0.7894399
0.7862706
0.78495
0.8166938
0.8195866
0.8168126
0.783811
0.8317748
0.7192896
0.7193896
0.7327901
0.7399044
0.7911228
0.5957683
0.7473001
0.8065884
0.7988597
0.8048227
0.7864135
0.7867373
0.7903047
0.7887392
0.7982546
0.7951408
0.7909529
0.7985466
0.7845345
0.7871945
0.841804
0.7352172
0.7262515
0.7196072
0.7202025
0.
0.2279717
0.8199542
0.8205509
0.8097736
0.8085061
0.8239029
0.8239594
0.8228873
0.8126363
0.8289739
0.804246
0.7777149
0.7845525
0.2278866
0.6171259
0.8194652
0.8195656
0.8280703
0.7782598
0.7781936
0.7938604
0.7851987
0.7866421
0.7849612
0.7869308
0.7858316
0.7837747
0.7867132
0.7901451
0.7892689
0.7830049
0.8137087
0.8091055
0.7952492
0.7864757
0.8261189
0.5571062
0.5546128
0.619249
0.7018462
0.7926378
0.7222979
0.7006022
0.8053281
0.8031742
0.8051231
0.7861212
0.7890348
0.7911061
0.789001
0.8001831
0.7935224
0.7890184
0.803122
0.7859313
0.7897904
0.8404615
0.7338538
0.7244595
0.7250448
0.7206827
0.2279717
0.
0.8181645
0.8183009
0.810178
0.8076941
0.8178612
0.8173299
0.8210735
0.8069415
0.8306679
0.8045803
0.7786854
0.7856357
0.1339553
0.6145193
0.8222356
0.816552
0.8225896
0.7812242
0.781302
0.796984
0.7858484
0.788222
0.7910074
0.7873557
0.7842614
0.7866813
0.7852221
0.7942762
0.788266
0.7827009
0.8129146
0.8081335
0.7980649
0.7867212
0.8253318
0.5590709
0.5606056
0.6145876
0.6972871
0.7970477
0.7235051
0.6982235
0.8001245
0.7967964
0.8113009
0.8157918
0.8136597
0.8203065
0.8192845
0.8205682
0.814897
0.8125374
0.8133072
0.8173411
0.8141589
0.7992525
0.8300325
0.821474
0.8164027
0.8225204
0.8199542
0.8181645
0.
0.6731586
0.7179128
0.7336226
0.7778535
0.7759812
0.7797055
0.7770846
0.7921511
0.8108209
0.8152747
0.8267326
0.819141
0.8247215
0.7856645
0.7812693
0.7766767
0.8174165
0.8142154
0.8256231
0.8173098
0.8082685
0.8142767
0.815424
0.8073873
0.8157644
0.8189722
0.8195292
0.817555
0.8176776
0.7627717
0.7753611
0.8135315
0.8214089
0.7504744
0.817899
0.8191654
0.8249236
0.8147608
0.8248237
0.8220761
0.8163626
0.8076871
0.8054699
0.8097003
0.8205328
0.8185514
0.825086
0.8235121
0.8291998
0.8267629
0.8242148
0.8249375
0.8248764
0.8183854
0.8071664
0.8277194
0.8232595
0.8169095
0.8223294
0.8205509
0.8183009
0.6731586
0.
0.7288885
0.7399521
0.7904506
0.7879717
0.7888908
0.7880822
0.8017897
0.8095419
0.8218194
0.8248433
0.81772
0.8173843
0.7887812
0.788211
0.788115
0.8187976
0.8193346
0.8334922
0.823277
0.820318
0.8205634
0.8184486
0.820147
0.8231504
0.8186155
0.8280937
0.8224525
0.8295299
0.7809409
0.7889659
0.822954
0.8231419
0.7598881
0.8076056
0.8155415
0.8186127
0.8196602
0.8332136
0.8268795
0.8235715
0.7936296
0.791314
0.804593
0.8053231
0.7992599
0.8087096
0.8072561
0.8048757
0.7996991
0.8009912
0.8044729
0.8044285
0.7994432
0.7958494
0.8222751
0.8129435
0.802657
0.8107466
0.8097736
0.810178
0.7179128
0.7288885
0.
0.7222049
0.7768865
0.7758474
0.7707166
0.7689004
0.7911082
0.8045225
0.8118673
0.8086616
0.8095825
0.8177685
0.7721906
0.7791886
0.7754619
0.8048352
0.8038288
0.8101283
0.8040006
0.8010257
0.8034007
0.8059917
0.7956928
0.8039549
0.8080802
0.8056451
0.8005006
0.8156223
0.7601604
0.7735616
0.8022566
0.8084613
0.7172706
0.7999627
0.7998373
0.8179246
0.8117347
0.8205933
0.8165246
0.8191553
0.8058436
0.8075736
0.8066288
0.8085869
0.8016479
0.8071878
0.805428
0.8067696
0.8077888
0.8069345
0.810845
0.8064905
0.8016923
0.7995286
0.8245012
0.8118126
0.812332
0.819028
0.8085061
0.8076941
0.7336226
0.7399521
0.7222049
0.
0.7873637
0.7862973
0.7840552
0.7803324
0.7992395
0.8066794
0.8020145
0.8094251
0.8077968
0.8148176
0.781093
0.7812939
0.7874277
0.8057282
0.8060766
0.8133797
0.8151885
0.8029391
0.8056562
0.8090428
0.7998986
0.8094232
0.8129817
0.8122938
0.8041879
0.815674
0.7733598
0.7759564
0.8100336
0.8141768
0.7439406
0.813987
0.8100508
0.8148303
0.8066199
0.8231066
0.8141979
0.8075858
0.8040416
0.8038413
0.8162655
0.817678
0.8167142
0.8178262
0.8156579
0.8177582
0.8200571
0.817233
0.8169855
0.8152689
0.8171481
0.7777656
0.8356289
0.829049
0.8155657
0.8267397
0.8239029
0.8178612
0.7778535
0.7904506
0.7768865
0.7873637
0.
0.0224751
0.4635121
0.7066334
0.7956074
0.815841
0.8268566
0.8265026
0.8181366
0.8225851
0.755612
0.7844324
0.4438346
0.8243486
0.8227111
0.8226677
0.8151211
0.8126189
0.8165206
0.8073133
0.8118148
0.8275598
0.8265437
0.8090422
0.8187822
0.8268549
0.6528064
0.7722206
0.8092431
0.8337914
0.8002832
0.8187853
0.8208787
0.8244103
0.827482
0.8360291
0.8248825
0.8289993
0.8026652
0.8026714
0.8146812
0.8176506
0.8159423
0.8169281
0.814507
0.8171725
0.8197237
0.8164195
0.8149818
0.814916
0.8162732
0.777303
0.8345066
0.8281437
0.8149696
0.8255337
0.8239594
0.8173299
0.7759812
0.7879717
0.7758474
0.7862973
0.0224751
0.
0.4650198
0.7058621
0.7942398
0.8142494
0.8260029
0.8254451
0.8174821
0.8213395
0.7533915
0.7825887
0.4408994
0.8226991
0.8211028
0.8216575
0.8145968
0.8112753
0.8159595
0.8080526
0.8109796
0.8264112
0.8249558
0.8083261
0.8187224
0.8259757
0.6498294
0.7715142
0.8066337
0.8328807
0.7987732
0.8188141
0.8199445
0.8230908
0.8259349
0.834191
0.823709
0.8285583
0.7959582
0.7924687
0.8140644
0.8190579
0.8145613
0.8170444
0.8160612
0.812915
0.8108764
0.8102807
0.8151508
0.8173592
0.8155297
0.7755682
0.8397642
0.8272738
0.8153535
0.8295311
0.8228873
0.8210735
0.7797055
0.7888908
0.7707166
0.7840552
0.4635121
0.4650198
0.
0.7075694
0.7947382
0.8134062
0.825983
0.8280499
0.8209861
0.820223
0.7423963
0.7855798
0.4891635
0.8184547
0.8204542
0.8214822
0.8035942
0.8116844
0.8178103
0.8068224
0.8059638
0.8218925
0.825451
0.8084733
0.8182627
0.8272378
0.6526307
0.7730953
0.8087397
0.8276204
0.7991279
0.8221098
0.8210681
0.8230795
0.823487
0.8332896
0.8294379
0.8265026
0.7920004
0.7987269
0.8159947
0.8125727
0.8104501
0.8130178
0.811872
0.8076598
0.8076255
0.8081483
0.8120418
0.8125567
0.8110012
0.7778329
0.8223406
0.8159642
0.8100917
0.819417
0.8126363
0.8069415
0.7770846
0.7880822
0.7689004
0.7803324
0.7066334
0.7058621
0.7075694
0.
0.7913808
0.815879
0.815105
0.8166865
0.8077263
0.8179715
0.7565703
0.7832873
0.711547
0.8167492
0.8138588
0.8152792
0.8065764
0.803891
0.8109966
0.8101795
0.8007094
0.815703
0.8174043
0.8079964
0.8111114
0.8171216
0.6984884
0.7821946
0.8061484
0.8192791
0.8027053
0.8151695
0.8140043
0.8180221
0.8207082
0.8252062
0.8192244
0.823494
0.8105556
0.8119594
0.8146985
0.8246876
0.8212365
0.8230863
0.8233827
0.8169794
0.8184056
0.8140622
0.8252479
0.8236187
0.8210877
0.8101125
0.8473562
0.8344614
0.8269667
0.8377146
0.8289739
0.8306679
0.7921511
0.8017897
0.7911082
0.7992395
0.7956074
0.7942398
0.7947382
0.7913808
0.
0.814363
0.8254141
0.832891
0.830669
0.8282203
0.7981362
0.8021775
0.794296
0.8299439
0.830042
0.827363
0.8201731
0.8191665
0.8281569
0.823188
0.8097929
0.8313285
0.8355891
0.8204745
0.8241003
0.8329265
0.7745171
0.6911878
0.8178025
0.8355599
0.8083334
0.8245646
0.8241072
0.8296053
0.8345805
0.8397097
0.8390453
0.8400502
0.7218982
0.7182504
0.0089584
0.8040344
0.8008814
0.8056029
0.8044325
0.8110542
0.8083517
0.8043758
0.7423617
0.8044566
0.8023478
0.8344524
0.8180412
0.8090528
0.8023981
0.8135566
0.804246
0.8045803
0.8108209
0.8095419
0.8045225
0.8066794
0.815841
0.8142494
0.8134062
0.815879
0.814363
0.
0.8124164
0.8103627
0.8028066
0.802037
0.8209869
0.8267596
0.8180432
0.8180718
0.8192804
0.8220865
0.8117051
0.8055084
0.808327
0.8102778
0.7959682
0.8121731
0.8191771
0.8099984
0.8094046
0.8183263
0.8086292
0.809315
0.737759
0.8191839
0.8231547
0.7972308
0.7968595
0.8027928
0.7973294
0.8251293
0.8107288
0.8051403
0.8034692
0.803341
0.8129889
0.7497838
0.7544133
0.7553602
0.7552759
0.7646025
0.7554067
0.7594013
0.8135913
0.7553042
0.7544729
0.8384394
0.7984337
0.7852923
0.7792494
0.7820316
0.7777149
0.7786854
0.8152747
0.8218194
0.8118673
0.8020145
0.8268566
0.8260029
0.825983
0.815105
0.8254141
0.8124164
0.
0.5445072
0.7765652
0.7740203
0.8173314
0.8150954
0.8282397
0.7100972
0.7028577
0.7558228
0.748346
0.7485757
0.7579451
0.7522329
0.7619853
0.7037156
0.7198841
0.7488363
0.7467999
0.4762066
0.8141059
0.8109964
0.8095379
0.6149727
0.8240943
0.7744193
0.7702071
0.7771613
0.7654013
0.7072366
0.7871545
0.7694388
0.8113943
0.8079313
0.8109556
0.7645943
0.7666306
0.7719564
0.7729708
0.7649587
0.7560034
0.7548117
0.8204998
0.7715984
0.7668015
0.8368109
0.7923677
0.7901
0.7835357
0.7927849
0.7845525
0.7856357
0.8267326
0.8248433
0.8086616
0.8094251
0.8265026
0.8254451
0.8280499
0.8166865
0.832891
0.8103627
0.5445072
0.
0.7832704
0.7809427
0.8147793
0.8200524
0.8257225
0.7154915
0.717978
0.7702073
0.758656
0.7618731
0.7731479
0.7562474
0.7605231
0.7142241
0.7304187
0.759374
0.7553198
0.5573989
0.8165994
0.8154181
0.8166896
0.6342454
0.8236757
0.7749829
0.7752926
0.7812344
0.7802176
0.7179514
0.7816951
0.7802874
0.8058188
0.8038726
0.8035354
0.7855428
0.7867888
0.7897113
0.7883349
0.7998702
0.7920612
0.7875634
0.8030942
0.7851236
0.7880954
0.8410335
0.730616
0.7243827
0.7235845
0.7246925
0.2278866
0.1339553
0.819141
0.81772
0.8095825
0.8077968
0.8181366
0.8174821
0.8209861
0.8077263
0.830669
0.8028066
0.7765652
0.7832704
0.
0.6154417
0.8182532
0.8158339
0.8233609
0.7777309
0.7782674
0.7940437
0.7879243
0.7878069
0.7910444
0.7851917
0.7826844
0.7855931
0.7831113
0.7909604
0.7875442
0.7810121
0.8120297
0.8052866
0.7975572
0.7866193
0.8244302
0.5633888
0.5606792
0.616735
0.7000455
0.7932488
0.7214485
0.6996348
0.805293
0.8053868
0.8019451
0.7912645
0.7880694
0.7923836
0.7908327
0.7953383
0.7888793
0.7850943
0.8097206
0.7889084
0.7887095
0.8316641
0.7478857
0.7288513
0.7184624
0.7278847
0.6171259
0.6145193
0.8247215
0.8173843
0.8177685
0.8148176
0.8225851
0.8213395
0.820223
0.8179715
0.8282203
0.802037
0.7740203
0.7809427
0.6154417
0.
0.8190364
0.8140635
0.8238156
0.7797158
0.7818907
0.7974207
0.7865571
0.7853369
0.7908164
0.7858268
0.7809407
0.7841508
0.7856218
0.791543
0.7856578
0.7784472
0.813162
0.810638
0.8037763
0.785954
0.8308045
0.5991408
0.5941048
0.0573963
0.7122362
0.7914617
0.730456
0.7149739
0.8055564
0.8075465
0.8212893
0.8166613
0.8157302
0.8184479
0.8169558
0.8181442
0.8132964
0.8133077
0.8185313
0.8175308
0.8165736
0.7722172
0.8362833
0.8234986
0.818058
0.8191897
0.8194652
0.8222356
0.7856645
0.7887812
0.7721906
0.781093
0.755612
0.7533915
0.7423963
0.7565703
0.7981362
0.8209869
0.8173314
0.8147793
0.8182532
0.8190364
0.
0.7861916
0.7568219
0.8150482
0.8155423
0.8186279
0.815593
0.8100876
0.8179352
0.8106041
0.8085896
0.8129132
0.8198334
0.8159461
0.81359
0.8216857
0.7410861
0.7724309
0.816172
0.8200719
0.7948946
0.8155742
0.8133798
0.8194963
0.8247716
0.8281052
0.8278622
0.8245583
0.8128026
0.8112206
0.8274065
0.8146285
0.8128216
0.818246
0.8177601
0.8259377
0.8197375
0.8182842
0.8219032
0.8186766
0.8125247
0.8104081
0.8235901
0.8197784
0.8151489
0.8213684
0.8195656
0.816552
0.7812693
0.788211
0.7791886
0.7812939
0.7844324
0.7825887
0.7855798
0.7832873
0.8021775
0.8267596
0.8150954
0.8200524
0.8158339
0.8140635
0.7861916
0.
0.7928629
0.8130239
0.8143119
0.8335722
0.8219355
0.8189654
0.8246625
0.8116451
0.8123224
0.8138396
0.8168264
0.8192614
0.814777
0.8182278
0.7771177
0.7796471
0.8173135
0.8165284
0.802228
0.8107838
0.8089488
0.8164305
0.8152316
0.8261035
0.8184582
0.8158972
0.8004763
0.7995825
0.8186693
0.8182724
0.8161076
0.8183898
0.8167102
0.8173275
0.8155085
0.8126691
0.8191222
0.8173661
0.8162949
0.7827403
0.840538
0.8319647
0.8168165
0.8309558
0.8280703
0.8225896
0.7766767
0.788115
0.7754619
0.7874277
0.4438346
0.4408994
0.4891635
0.711547
0.794296
0.8180432
0.8282397
0.8257225
0.8233609
0.8238156
0.7568219
0.7928629
0.
0.8219457
0.8193923
0.8207412
0.8143869
0.8109469
0.8182957
0.8132
0.8062973
0.8238626
0.8234585
0.8145022
0.814599
0.8269582
0.6576683
0.7774991
0.8106203
0.8269063
0.8000238
0.8226319
0.8224441
0.8256215
0.8282626
0.8285305
0.8298351
0.8266645
0.8037471
0.8043282
0.818057
0.7518031
0.7531187
0.757338
0.7599707
0.7481577
0.7427722
0.7414216
0.8094623
0.7582592
0.7540547
0.8277462
0.7951379
0.7830904
0.7774195
0.7772223
0.7782598
0.7812242
0.8174165
0.8187976
0.8048352
0.8057282
0.8243486
0.8226991
0.8184547
0.8167492
0.8299439
0.8180718
0.7100972
0.7154915
0.7777309
0.7797158
0.8150482
0.8130239
0.8219457
0.
0.3310057
0.7653838
0.7518893
0.7411349
0.7545219
0.7485265
0.7444785
0.4425789
0.3374973
0.7495367
0.7480319
0.7080588
0.8101771
0.8107675
0.8076793
0.702198
0.8265387
0.7749012
0.7752641
0.7815598
0.7787434
0.7167237
0.7902856
0.7787455
0.8058017
0.8056692
0.8193929
0.752474
0.7560413
0.7607327
0.7627025
0.7564712
0.7471949
0.7491871
0.8109027
0.755016
0.7572852
0.8327563
0.7881659
0.7813795
0.7765666
0.7755999
0.7781936
0.781302
0.8142154
0.8193346
0.8038288
0.8060766
0.8227111
0.8211028
0.8204542
0.8138588
0.830042
0.8192804
0.7028577
0.717978
0.7782674
0.7818907
0.8155423
0.8143119
0.8193923
0.3310057
0.
0.7639887
0.7545029
0.7421728
0.7541447
0.7510228
0.7511945
0.4420218
0.3006729
0.7480082
0.7489373
0.7048414
0.8079161
0.8086457
0.8086433
0.7055014
0.8304784
0.7736988
0.7730445
0.7848049
0.7800282
0.7205506
0.785373
0.774612
0.8033248
0.8021557
0.8222563
0.6884736
0.6889299
0.6905411
0.6861213
0.6948495
0.6950171
0.6929511
0.8183436
0.6867832
0.6901241
0.8375391
0.8184067
0.8041891
0.7987546
0.8043771
0.7938604
0.796984
0.8256231
0.8334922
0.8101283
0.8133797
0.8226677
0.8216575
0.8214822
0.8152792
0.827363
0.8220865
0.7558228
0.7702073
0.7940437
0.7974207
0.8186279
0.8335722
0.8207412
0.7653838
0.7639887
0.
0.6761206
0.6863071
0.6880339
0.7220765
0.7046381
0.7616931
0.7748417
0.6888212
0.7264277
0.7618708
0.8092997
0.8146378
0.8086874
0.7652222
0.8363422
0.7898649
0.7869034
0.8001991
0.7991285
0.7750275
0.8068662
0.7971112
0.8019208
0.7997543
0.8117214
0.6334847
0.6403146
0.6427547
0.6422658
0.6521373
0.6512071
0.6448527
0.8130582
0.6397254
0.6415856
0.8335495
0.7983321
0.7872949
0.7710355
0.784773
0.7851987
0.7858484
0.8173098
0.823277
0.8040006
0.8151885
0.8151211
0.8145968
0.8035942
0.8065764
0.8201731
0.8117051
0.748346
0.758656
0.7879243
0.7865571
0.815593
0.8219355
0.8143869
0.7518893
0.7545029
0.6761206
0.
0.6688257
0.6394868
0.7008925
0.6609637
0.7603039
0.7616075
0.6671937
0.695662
0.7496789
0.8027941
0.8072353
0.8027037
0.7504297
0.8254812
0.7801499
0.7779112
0.7906039
0.7789889
0.7582622
0.7864093
0.788937
0.7920827
0.7928177
0.8052983
0.6737501
0.6751204
0.6747009
0.6709952
0.6857918
0.6850684
0.6808621
0.8031288
0.6706175
0.6756553
0.8241527
0.8122721
0.7964484
0.7869237
0.8016366
0.7866421
0.788222
0.8082685
0.820318
0.8010257
0.8029391
0.8126189
0.8112753
0.8116844
0.803891
0.8191665
0.8055084
0.7485757
0.7618731
0.7878069
0.7853369
0.8100876
0.8189654
0.8109469
0.7411349
0.7421728
0.6863071
0.6688257
0.
0.6753572
0.7125347
0.691971
0.7476493
0.7443328
0.6624847
0.7097047
0.7566532
0.7940825
0.8045565
0.7978283
0.7579319
0.8176867
0.7843723
0.7803789
0.7882237
0.791646
0.7733142
0.8033024
0.7932027
0.8002542
0.7935851
0.8079047
0.3654301
0.3875233
0.3938051
0.3915547
0.6586214
0.6562749
0.6482739
0.8062708
0.4182231
0.3887051
0.8297824
0.802991
0.793313
0.7849717
0.7962292
0.7849612
0.7910074
0.8142767
0.8205634
0.8034007
0.8056562
0.8165206
0.8159595
0.8178103
0.8109966
0.8281569
0.808327
0.7579451
0.7731479
0.7910444
0.7908164
0.8179352
0.8246625
0.8182957
0.7545219
0.7541447
0.6880339
0.6394868
0.6753572
0.
0.7030904
0.6669299
0.7524659
0.7613577
0.6690597
0.7143388
0.7654438
0.808803
0.806545
0.8068472
0.7600371
0.8275526
0.7858663
0.7878447
0.7921374
0.8004262
0.7683834
0.793103
0.7979436
0.7971783
0.7918799
0.8099037
0.700888
0.7042256
0.7065514
0.7041322
0.7174633
0.7060602
0.7079905
0.8007852
0.7025343
0.7047429
0.8291568
0.797978
0.7857055
0.7774426
0.7923491
0.7869308
0.7873557
0.815424
0.8184486
0.8059917
0.8090428
0.8073133
0.8080526
0.8068224
0.8101795
0.823188
0.8102778
0.7522329
0.7562474
0.7851917
0.7858268
0.8106041
0.8116451
0.8132
0.7485265
0.7510228
0.7220765
0.7008925
0.7125347
0.7030904
0.
0.7128132
0.7509602
0.7624835
0.6983812
0.6883728
0.7533292
0.8008452
0.8064671
0.7970881
0.7531106
0.8190132
0.7743861
0.7739589
0.7862323
0.7937782
0.7647646
0.7879494
0.7980077
0.7893613
0.7890767
0.7963666
0.6601314
0.6641124
0.6691841
0.6689697
0.4700016
0.210151
0.1140119
0.798543
0.6704848
0.6648881
0.8306698
0.7944095
0.7777328
0.7858587
0.7876747
0.7858316
0.7842614
0.8073873
0.820147
0.7956928
0.7998986
0.8118148
0.8109796
0.8059638
0.8007094
0.8097929
0.7959682
0.7619853
0.7605231
0.7826844
0.7809407
0.8085896
0.8123224
0.8062973
0.7444785
0.7511945
0.7046381
0.6609637
0.691971
0.6669299
0.7128132
0.
0.7512357
0.7516418
0.6948291
0.7233092
0.7597451
0.797241
0.8029343
0.792883
0.7644989
0.8204728
0.7738519
0.7695406
0.7831421
0.7864858
0.7681623
0.7847032
0.7862765
0.8004671
0.7982346
0.8121206
0.7501505
0.7558352
0.7594267
0.7617271
0.7577991
0.7524588
0.7520653
0.810266
0.7529578
0.7569541
0.8324363
0.7923062
0.7825651
0.782506
0.7849728
0.7837747
0.7866813
0.8157644
0.8231504
0.8039549
0.8094232
0.8275598
0.8264112
0.8218925
0.815703
0.8313285
0.8121731
0.7037156
0.7142241
0.7855931
0.7841508
0.8129132
0.8138396
0.8238626
0.4425789
0.4420218
0.7616931
0.7603039
0.7476493
0.7524659
0.7509602
0.7512357
0.
0.4476275
0.7464488
0.7554056
0.7063899
0.8120462
0.8113733
0.8064947
0.701344
0.8253376
0.7741965
0.7763171
0.7879105
0.7829031
0.7122817
0.7879885
0.7764546
0.8060496
0.8061825
0.8191959
0.7628967
0.763131
0.7635132
0.7665716
0.7631168
0.7530431
0.7533481
0.8123444
0.7647632
0.7636554
0.8349229
0.796629
0.7821577
0.7823272
0.7905537
0.7867132
0.7852221
0.8189722
0.8186155
0.8080802
0.8129817
0.8265437
0.8249558
0.825451
0.8174043
0.8355891
0.8191771
0.7198841
0.7304187
0.7831113
0.7856218
0.8198334
0.8168264
0.8234585
0.3374973
0.3006729
0.7748417
0.7616075
0.7443328
0.7613577
0.7624835
0.7516418
0.4476275
0.
0.7568336
0.7548724
0.7208965
0.8103549
0.815057
0.8089912
0.7155581
0.8242429
0.7786861
0.780445
0.7875042
0.7834478
0.7242536
0.7943108
0.7777205
0.797748
0.7962016
0.810145
0.6703066
0.6748683
0.6804206
0.6739151
0.6946074
0.6870032
0.6862458
0.8074387
0.6719603
0.6760822
0.8410553
0.8056756
0.7914124
0.7832833
0.7894399
0.7901451
0.7942762
0.8195292
0.8280937
0.8056451
0.8122938
0.8090422
0.8083261
0.8084733
0.8079964
0.8204745
0.8099984
0.7488363
0.759374
0.7909604
0.791543
0.8159461
0.8192614
0.8145022
0.7495367
0.7480082
0.6888212
0.6671937
0.6624847
0.6690597
0.6983812
0.6948291
0.7464488
0.7568336
0.
0.7062527
0.7553902
0.8043555
0.8107467
0.8044669
0.7543011
0.8253084
0.7833484
0.7776822
0.7937139
0.7928102
0.7656564
0.7960201
0.801324
0.7921344
0.7901783
0.8096374
0.7158432
0.7142765
0.7175312
0.7158839
0.7209198
0.7140565
0.7097029
0.8106039
0.7179523
0.7140765
0.830598
0.7968776
0.7896954
0.77929
0.7862706
0.7892689
0.788266
0.817555
0.8224525
0.8005006
0.8041879
0.8187822
0.8187224
0.8182627
0.8111114
0.8241003
0.8094046
0.7467999
0.7553198
0.7875442
0.7856578
0.81359
0.814777
0.814599
0.7480319
0.7489373
0.7264277
0.695662
0.7097047
0.7143388
0.6883728
0.7233092
0.7554056
0.7548724
0.7062527
0.
0.7585261
0.7971712
0.8067239
0.8046105
0.748589
0.8211636
0.7787119
0.776336
0.7885232
0.784319
0.7625985
0.7875775
0.786854
0.8092746
0.8083942
0.8191053
0.7637088
0.7677738
0.7702982
0.7688541
0.7667763
0.7572072
0.755574
0.8143145
0.7673667
0.7677409
0.839802
0.7969442
0.7871623
0.7797125
0.78495
0.7830049
0.7827009
0.8176776
0.8295299
0.8156223
0.815674
0.8268549
0.8259757
0.8272378
0.8171216
0.8329265
0.8183263
0.4762066
0.5573989
0.7810121
0.7784472
0.8216857
0.8182278
0.8269582
0.7080588
0.7048414
0.7618708
0.7496789
0.7566532
0.7654438
0.7533292
0.7597451
0.7063899
0.7208965
0.7553902
0.7585261
0.
0.8195286
0.8188372
0.808567
0.6183019
0.8268933
0.7771399
0.775182
0.7813557
0.771032
0.713308
0.7895411
0.7749157
0.791416
0.7991588
0.8090373
0.8070166
0.802259
0.8037016
0.8028489
0.8036768
0.8046042
0.7999835
0.8037519
0.8025981
0.8023305
0.7706437
0.8302631
0.8226946
0.8064447
0.8166938
0.8137087
0.8129146
0.7627717
0.7809409
0.7601604
0.7733598
0.6528064
0.6498294
0.6526307
0.6984884
0.7745171
0.8086292
0.8141059
0.8165994
0.8120297
0.813162
0.7410861
0.7771177
0.6576683
0.8101771
0.8079161
0.8092997
0.8027941
0.7940825
0.808803
0.8008452
0.797241
0.8120462
0.8103549
0.8043555
0.7971712
0.8195286
0.
0.7650668
0.7980772
0.8217127
0.7877667
0.8093676
0.8096475
0.814813
0.8155851
0.827295
0.8187861
0.8183164
0.7931307
0.7946003
0.8094252
0.8065942
0.8057702
0.806581
0.8073898
0.8146044
0.8075206
0.8085049
0.8055905
0.8023464
0.80547
0.7922485
0.8326114
0.8189425
0.8119984
0.8195866
0.8091055
0.8081335
0.7753611
0.7889659
0.7735616
0.7759564
0.7722206
0.7715142
0.7730953
0.7821946
0.6911878
0.809315
0.8109964
0.8154181
0.8052866
0.810638
0.7724309
0.7796471
0.7774991
0.8107675
0.8086457
0.8146378
0.8072353
0.8045565
0.806545
0.8064671
0.8029343
0.8113733
0.815057
0.8107467
0.8067239
0.8188372
0.7650668
0.
0.8007445
0.8169521
0.7938063
0.8061452
0.801956
0.8118187
0.8128502
0.8238152
0.8207971
0.8124483
0.7177755
0.7129607
0.738938
0.8068944
0.803119
0.8045432
0.804612
0.8072654
0.8053273
0.8010598
0.5237313
0.8062643
0.8040032
0.8339123
0.8233126
0.8149549
0.8013783
0.8168126
0.7952492
0.7980649
0.8135315
0.822954
0.8022566
0.8100336
0.8092431
0.8066337
0.8087397
0.8061484
0.8178025
0.737759
0.8095379
0.8166896
0.7975572
0.8037763
0.816172
0.8173135
0.8106203
0.8076793
0.8086433
0.8086874
0.8027037
0.7978283
0.8068472
0.7970881
0.792883
0.8064947
0.8089912
0.8044669
0.8046105
0.808567
0.7980772
0.8007445
0.
0.8080045
0.8216482
0.7960321
0.7916992
0.8045572
0.7964436
0.8225795
0.8181299
0.8046797
0.8082067
0.8067555
0.8193544
0.7583012
0.7560197
0.7621269
0.7619916
0.7655928
0.7563212
0.7605247
0.8133536
0.7593442
0.7556113
0.8398583
0.7846712
0.7827498
0.7771627
0.783811
0.7864757
0.7867212
0.8214089
0.8231419
0.8084613
0.8141768
0.8337914
0.8328807
0.8276204
0.8192791
0.8355599
0.8191839
0.6149727
0.6342454
0.7866193
0.785954
0.8200719
0.8165284
0.8269063
0.702198
0.7055014
0.7652222
0.7504297
0.7579319
0.7600371
0.7531106
0.7644989
0.701344
0.7155581
0.7543011
0.748589
0.6183019
0.8217127
0.8169521
0.8080045
0.
0.8278664
0.778673
0.7782185
0.7867065
0.7755679
0.7119162
0.7824981
0.7841447
0.8143531
0.8174033
0.8230833
0.8208701
0.8225938
0.8271973
0.8246811
0.8278064
0.8265496
0.8259743
0.8248903
0.8233559
0.8229382
0.8161747
0.8392683
0.8334524
0.8241965
0.8317748
0.8261189
0.8253318
0.7504744
0.7598881
0.7172706
0.7439406
0.8002832
0.7987732
0.7991279
0.8027053
0.8083334
0.8231547
0.8240943
0.8236757
0.8244302
0.8308045
0.7948946
0.802228
0.8000238
0.8265387
0.8304784
0.8363422
0.8254812
0.8176867
0.8275526
0.8190132
0.8204728
0.8253376
0.8242429
0.8253084
0.8211636
0.8268933
0.7877667
0.7938063
0.8216482
0.8278664
0.
0.8194991
0.8219328
0.8305451
0.8259104
0.8389646
0.8331002
0.8333071
0.8006003
0.7976969
0.797776
0.7803175
0.7790442
0.7861221
0.7856294
0.7935916
0.7778084
0.7780074
0.8021672
0.7853882
0.7777459
0.8293852
0.7324837
0.7173153
0.7137836
0.7192896
0.5571062
0.5590709
0.817899
0.8076056
0.7999627
0.813987
0.8187853
0.8188141
0.8221098
0.8151695
0.8245646
0.7972308
0.7744193
0.7749829
0.5633888
0.5991408
0.8155742
0.8107838
0.8226319
0.7749012
0.7736988
0.7898649
0.7801499
0.7843723
0.7858663
0.7743861
0.7738519
0.7741965
0.7786861
0.7833484
0.7787119
0.7771399
0.8093676
0.8061452
0.7960321
0.778673
0.8194991
0.
0.3477434
0.6041541
0.7025156
0.7843874
0.7196779
0.7104526
0.7967401
0.7983911
0.7968266
0.7806369
0.7790899
0.7853563
0.7844499
0.7945782
0.7773326
0.7755276
0.8006547
0.7844315
0.7800451
0.8270805
0.7335043
0.7172688
0.7104241
0.7193896
0.5546128
0.5606056
0.8191654
0.8155415
0.7998373
0.8100508
0.8208787
0.8199445
0.8210681
0.8140043
0.8241072
0.7968595
0.7702071
0.7752926
0.5606792
0.5941048
0.8133798
0.8089488
0.8224441
0.7752641
0.7730445
0.7869034
0.7779112
0.7803789
0.7878447
0.7739589
0.7695406
0.7763171
0.780445
0.7776822
0.776336
0.775182
0.8096475
0.801956
0.7916992
0.7782185
0.8219328
0.3477434
0.
0.6041659
0.7002484
0.7898172
0.727299
0.7083759
0.8068647
0.8058162
0.8026299
0.7923991
0.7884346
0.7931948
0.7914039
0.7968884
0.7912965
0.787594
0.811217
0.7905737
0.7888705
0.833135
0.7517961
0.7340744
0.7222756
0.7327901
0.619249
0.6145876
0.8249236
0.8186127
0.8179246
0.8148303
0.8244103
0.8230908
0.8230795
0.8180221
0.8296053
0.8027928
0.7771613
0.7812344
0.616735
0.0573963
0.8194963
0.8164305
0.8256215
0.7815598
0.7848049
0.8001991
0.7906039
0.7882237
0.7921374
0.7862323
0.7831421
0.7879105
0.7875042
0.7937139
0.7885232
0.7813557
0.814813
0.8118187
0.8045572
0.7867065
0.8305451
0.6041541
0.6041659
0.
0.7148784
0.7930395
0.7352536
0.716537
0.8010148
0.7966111
0.7975266
0.7945918
0.793178
0.7985848
0.7968706
0.7959684
0.7924421
0.7907774
0.8025171
0.7973917
0.7927926
0.8379588
0.7605731
0.7406552
0.7356036
0.7399044
0.7018462
0.6972871
0.8147608
0.8196602
0.8117347
0.8066199
0.827482
0.8259349
0.823487
0.8207082
0.8345805
0.7973294
0.7654013
0.7802176
0.7000455
0.7122362
0.8247716
0.8152316
0.8282626
0.7787434
0.7800282
0.7991285
0.7789889
0.791646
0.8004262
0.7937782
0.7864858
0.7829031
0.7834478
0.7928102
0.784319
0.771032
0.8155851
0.8128502
0.7964436
0.7755679
0.8259104
0.7025156
0.7002484
0.7148784
0.
0.7853313
0.7425115
0.4681297
0.8130583
0.8137871
0.8250723
0.766607
0.7636255
0.7681361
0.7651455
0.7651077
0.7661734
0.7658913
0.8276903
0.759423
0.7647451
0.8467254
0.8056507
0.7926917
0.78324
0.7911228
0.7926378
0.7970477
0.8248237
0.8332136
0.8205933
0.8231066
0.8360291
0.834191
0.8332896
0.8252062
0.8397097
0.8251293
0.7072366
0.7179514
0.7932488
0.7914617
0.8281052
0.8261035
0.8285305
0.7167237
0.7205506
0.7750275
0.7582622
0.7733142
0.7683834
0.7647646
0.7681623
0.7122817
0.7242536
0.7656564
0.7625985
0.713308
0.827295
0.8238152
0.8225795
0.7119162
0.8389646
0.7843874
0.7898172
0.7930395
0.7853313
0.
0.7956752
0.7836911
0.8167275
0.81024
0.8110645
0.7930111
0.7908387
0.7965013
0.7945744
0.8022566
0.7937973
0.7893571
0.8170807
0.7943557
0.7926185
0.8403373
0.4545958
0.470252
0.5483112
0.5957683
0.7222979
0.7235051
0.8220761
0.8268795
0.8165246
0.8141979
0.8248825
0.823709
0.8294379
0.8192244
0.8390453
0.8107288
0.7871545
0.7816951
0.7214485
0.730456
0.8278622
0.8184582
0.8298351
0.7902856
0.785373
0.8068662
0.7864093
0.8033024
0.793103
0.7879494
0.7847032
0.7879885
0.7943108
0.7960201
0.7875775
0.7895411
0.8187861
0.8207971
0.8181299
0.7824981
0.8331002
0.7196779
0.727299
0.7352536
0.7425115
0.7956752
0.
0.7434972
0.8071694
0.79978
0.8052935
0.7972385
0.7975548
0.8012256
0.7978017
0.8004629
0.7954624
0.7920525
0.8055523
0.7921348
0.7968395
0.8428625
0.7611932
0.743415
0.7391844
0.7473001
0.7006022
0.6982235
0.8163626
0.8235715
0.8191553
0.8075858
0.8289993
0.8285583
0.8265026
0.823494
0.8400502
0.8051403
0.7694388
0.7802874
0.6996348
0.7149739
0.8245583
0.8158972
0.8266645
0.7787455
0.774612
0.7971112
0.788937
0.7932027
0.7979436
0.7980077
0.7862765
0.7764546
0.7777205
0.801324
0.786854
0.7749157
0.8183164
0.8124483
0.8046797
0.7841447
0.8333071
0.7104526
0.7083759
0.716537
0.4681297
0.7836911
0.7434972
0.