0.
0.7803649
0.9160817
0.9144086
0.7764673
0.805908
0.9054185
0.8066042
0.8019177
0.8032343
0.7775783
0.7753256
0.8276032
0.837342
0.9068563
0.8651518
0.9089955
0.8987572
0.9035732
0.9048581
0.9047859
0.9046223
0.904824
0.9048355
0.7711078
0.7764469
0.7842941
0.7828907
0.781599
0.7825778
0.7807959
0.7790521
0.580224
0.5186754
0.8464048
0.8819264
0.7741856
0.7805049
0.7621654
0.7967868
0.7944149
0.7828412
0.8071112
0.8060581
0.7916149
0.7810441
0.7789871
0.8570889
0.9030935
0.9180353
0.8973517
0.8756632
0.7739921
0.7748137
0.7745917
0.7967939
0.8353122
0.9079839
0.9435056
0.813085
0.8920394
0.8664722
0.9526995
0.7803027
0.7812464
0.804543
0.8204319
0.8671132
0.8848758
0.7711844
0.7803649
0.
0.9525658
0.9440639
0.7906936
0.8473795
0.9416052
0.8466436
0.8455405
0.8442824
0.4296374
0.3614105
0.878219
0.8391539
0.9499468
0.906239
0.9327925
0.9375649
0.9423
0.9417247
0.9415608
0.9418037
0.9418762
0.9417428
0.354466
0.4349567
0.4937576
0.4672733
0.4652863
0.6916487
0.4205763
0.36589
0.7797408
0.7624447
0.8919984
0.9124771
0.3710604
0.3703335
0.6636464
0.8369852
0.8424153
0.4601179
0.8336072
0.8328945
0.8097303
0.3645102
0.3806359
0.8950493
0.9384675
0.9488652
0.9280703
0.9194077
0.3628197
0.3501115
0.3499754
0.838637
0.8846837
0.9409237
0.9748061
0.8386562
0.9260179
0.9075103
0.9624922
0.0031362
0.1342535
0.8469499
0.8441395
0.9044374
0.9158379
0.6722822
0.9160817
0.9525658
0.
0.9344472
0.924817
0.9085907
0.93505
0.9070454
0.9071946
0.9065767
0.9544677
0.9505852
0.9125726
0.9299505
0.9325209
0.9089525
0.938096
0.9353725
0.9315615
0.9352353
0.9350482
0.9350933
0.9349485
0.9348786
0.9515782
0.9525664
0.9510996
0.9528489
0.9517772
0.950299
0.9530551
0.951376
0.9185381
0.9200148
0.9204598
0.9290405
0.951474
0.9523702
0.9476307
0.909237
0.9095659
0.9526771
0.9232909
0.9241701
0.924262
0.951484
0.9519338
0.9250807
0.9317165
0.9416082
0.9398884
0.9027906
0.9511666
0.9525837
0.9526294
0.9159386
0.9184045
0.9337256
0.94579
0.923128
0.9279868
0.928185
0.967029
0.9524404
0.9518734
0.9068611
0.9268749
0.9294321
0.9303548
0.9472349
0.9144086
0.9440639
0.9344472
0.
0.9251693
0.8989988
0.9243165
0.8979633
0.898208
0.8994974
0.9450634
0.9452399
0.90056
0.9360956
0.9320672
0.8449942
0.9452108
0.9215539
0.9248732
0.9231747
0.9234696
0.9229061
0.9230888
0.9230136
0.9471332
0.9457862
0.9482855
0.9453084
0.9450695
0.9482223
0.9453445
0.9459808
0.9171548
0.9172004
0.9225282
0.9365589
0.9453429
0.9446166
0.9429777
0.8988444
0.8993421
0.9467273
0.9220738
0.9233662
0.9230149
0.9465812
0.9447781
0.9193336
0.9250285
0.9287096
0.9239964
0.9164295
0.9459282
0.9463524
0.9464529
0.9151007
0.9055465
0.9171711
0.9388487
0.925831
0.9318285
0.9348311
0.9664545
0.9440174
0.9452156
0.8982604
0.9265289
0.9281007
0.9383417
0.9411512
0.7764673
0.7906936
0.924817
0.9251693
0.
0.8189495
0.9179961
0.8180422
0.8170331
0.8150563
0.7922021
0.786677
0.823287
0.81102
0.9089179
0.8739979
0.9015753
0.9154064
0.9151771
0.9181099
0.9179944
0.918336
0.9182628
0.9181664
0.7845953
0.7899983
0.7954567
0.7945207
0.7935261
0.7969388
0.7921141
0.7916185
0.7835679
0.7632703
0.8594893
0.8879644
0.7885747
0.7938446
0.7879561
0.8067406
0.8064293
0.7968003
0.6969617
0.7010103
0.6706405
0.7933891
0.789687
0.8632722
0.9171513
0.9255402
0.9124463
0.8850917
0.7874939
0.7863231
0.786224
0.8128177
0.8367452
0.9183781
0.9498342
0.7081037
0.8965622
0.8643618
0.9488844
0.7905741
0.7903451
0.8175347
0.7112544
0.87311
0.8850345
0.7897815
0.805908
0.8473795
0.9085907
0.8989988
0.8189495
0.
0.898116
0.0907306
0.1557047
0.1005212
0.8420607
0.8429445
0.6821175
0.8641428
0.9033263
0.8492166
0.9136287
0.8952615
0.8949728
0.8968186
0.8966986
0.8971179
0.8971346
0.8970272
0.8397556
0.8430114
0.8461329
0.8460094
0.8441269
0.843277
0.8478398
0.8448279
0.8082089
0.7947603
0.8612682
0.8847635
0.8432155
0.844966
0.8344677
0.5695833
0.5738417
0.8476136
0.8328857
0.8349225
0.8290387
0.847217
0.8445911
0.863719
0.898584
0.9108715
0.8970931
0.8789423
0.8396431
0.840037
0.8396822
0.8179127
0.7346346
0.8958425
0.9333551
0.8347243
0.8919846
0.8790465
0.9626955
0.8473529
0.8461772
0.107643
0.8467442
0.8776126
0.8812745
0.844317
0.9054185
0.9416052
0.93505
0.9243165
0.9179961
0.898116
0.
0.8970487
0.89578
0.8949272
0.9411728
0.9404958
0.901366
0.9338861
0.9267083
0.905881
0.9457591
0.3614962
0.4583954
0.0097122
0.0088434
0.0080715
0.0069965
0.0074174
0.9391083
0.9394982
0.9401657
0.9411806
0.9394087
0.936335
0.9406168
0.9401766
0.9091143
0.9067093
0.9148663
0.9279828
0.9395004
0.9402937
0.9356661
0.8985679
0.900041
0.9421105
0.9180484
0.9195559
0.912961
0.9398909
0.9409903
0.920483
0.8366456
0.8206676
0.881743
0.9210295
0.9388626
0.9405025
0.9404281
0.9090458
0.9018517
0.6637548
0.8773411
0.9171879
0.9265348
0.9292217
0.9671215
0.9417237
0.9401089
0.8957722
0.9194014
0.921918
0.9272703
0.9341829
0.8066042
0.8466436
0.9070454
0.8979633
0.8180422
0.0907306
0.8970487
0.
0.1443776
0.0872613
0.8424103
0.8426607
0.681988
0.8637958
0.90387
0.8483776
0.9135383
0.8956412
0.8944127
0.8957938
0.89553
0.895946
0.8960003
0.8959018
0.839536
0.8425222
0.8454037
0.8448441
0.8439199
0.8423875
0.8476123
0.8448259
0.8087413
0.7946281
0.8613413
0.885473
0.8427987
0.8454994
0.8337017
0.5684602
0.5745625
0.8472317
0.8327178
0.8342243
0.8292273
0.8472176
0.8437897
0.8647311
0.8986759
0.9109587
0.8967869
0.8771735
0.8401157
0.8400017
0.8396616
0.8177164
0.7347663
0.8958391
0.9333619
0.8357494
0.8914707
0.8781737
0.9641377
0.8466744
0.8455067
0.0877592
0.8461671
0.8776403
0.8813552
0.8428865
0.8019177
0.8455405
0.9071946
0.898208
0.8170331
0.1557047
0.89578
0.1443776
0.
0.1517573
0.8404899
0.8420484
0.6849416
0.864289
0.9033524
0.8487252
0.9136014
0.8931738
0.894257
0.8945772
0.894261
0.8946297
0.8947433
0.8946856
0.838655
0.8408732
0.8431103
0.8444321
0.8431566
0.842381
0.8455937
0.8434541
0.8031049
0.7928234
0.8574186
0.8861346
0.8406272
0.8435567
0.8321305
0.5693375
0.5719915
0.8459377
0.8323466
0.8316669
0.8267358
0.8454616
0.8431312
0.8636468
0.8993301
0.9098846
0.8941759
0.8791967
0.8391534
0.8399039
0.839561
0.8185339
0.7379172
0.894644
0.9331998
0.8341231
0.891232
0.8771995
0.962098
0.8454996
0.8441986
0.1470099
0.8434237
0.8758998
0.8811815
0.8406512
0.8032343
0.8442824
0.9065767
0.8994974
0.8150563
0.1005212
0.8949272
0.0872613
0.1517573
0.
0.8387947
0.8400425
0.6800619
0.8616566
0.9028337
0.847003
0.9132548
0.8934914
0.8929737
0.8936463
0.8935039
0.893986
0.893906
0.8938994
0.8370916
0.8387217
0.8417973
0.8431102
0.8411491
0.8398588
0.8443291
0.8418309
0.8053352
0.7927796
0.8579157
0.8837756
0.8397861
0.8418917
0.831541
0.5635732
0.567306
0.8444957
0.8299631
0.8324471
0.8264627
0.8438056
0.8406725
0.8640489
0.89796
0.9099378
0.8943649
0.8759342
0.8376924
0.8376932
0.8373491
0.8157334
0.7337937
0.8956085
0.9334454
0.8330586
0.8900845
0.8769499
0.9633424
0.8443044
0.8436276
0.1011776
0.8423009
0.8764673
0.8798091
0.8384249
0.7775783
0.4296374
0.9544677
0.9450634
0.7922021
0.8420607
0.9411728
0.8424103
0.8404899
0.8387947
0.
0.4040575
0.8777003
0.8400956
0.9476362
0.9055192
0.9301709
0.9382461
0.9410266
0.9410628
0.941148
0.9412839
0.9412716
0.941334
0.4032405
0.3645989
0.4692775
0.4374382
0.4442067
0.6879709
0.345332
0.3501524
0.7799277
0.7586888
0.8913318
0.9147125
0.3613912
0.3567616
0.6605223
0.8374507
0.8414766
0.4471878
0.8340299
0.8302514
0.8089031
0.344516
0.3516667
0.8950174
0.9389698
0.9482088
0.9261543
0.9183348
0.4009763
0.3924711
0.3917593
0.839059
0.8818898
0.9414324
0.9746449
0.8408893
0.9264493
0.9094022
0.960668
0.4291202
0.4359405
0.8413915
0.8455371
0.9044835
0.9145484
0.6667746
0.7753256
0.3614105
0.9505852
0.9452399
0.786677
0.8429445
0.9404958
0.8426607
0.8420484
0.8400425
0.4040575
0.
0.8777415
0.8369372
0.9503173
0.9066048
0.9310288
0.9358908
0.9425395
0.9403097
0.9404218
0.9405266
0.9404852
0.9405747
0.3184599
0.4184654
0.4801555
0.4697475
0.4653742
0.6865689
0.4109489
0.3559102
0.7758152
0.7560608
0.8907565
0.9124267
0.3634145
0.3642956
0.6583959
0.8365498
0.8386677
0.4680367
0.8321499
0.8312954
0.8065703
0.3617937
0.3577301
0.8940451
0.9369534
0.9500058
0.9262575
0.9186527
0.3238133
0.2998208
0.2987474
0.8357654
0.8830493
0.9401467
0.9736905
0.8393771
0.9253645
0.9083432
0.9620203
0.361782
0.3710196
0.8420548
0.8443253
0.9036394
0.9155042
0.6657243
0.8276032
0.878219
0.9125726
0.90056
0.823287
0.6821175
0.901366
0.681988
0.6849416
0.6800619
0.8777003
0.8777415
0.
0.8593096
0.9037026
0.8579443
0.8977655
0.9016268
0.9052021
0.9008693
0.9002753
0.9004234
0.9005116
0.9001406
0.8778166
0.8766733
0.879861
0.8836892
0.8820975
0.8785998
0.8771944
0.877157
0.8347275
0.8215623
0.8664652
0.8880328
0.8793366
0.8803335
0.8719738
0.6238582
0.6320522
0.8811427
0.832326
0.830994
0.8276467
0.8783991
0.8797654
0.8752898
0.904247
0.9129785
0.9119956
0.883464
0.8778721
0.8796037
0.8793791
0.8331762
0.6630614
0.9049673
0.9322134
0.8349835
0.8965952
0.8738313
0.9552503
0.8781855
0.8784819
0.6803866
0.8432448
0.884066
0.8839097
0.8793142
0.837342
0.8391539
0.9299505
0.9360956
0.81102
0.8641428
0.9338861
0.8637958
0.864289
0.8616566
0.8400956
0.8369372
0.8593096
0.
0.9257347
0.8972913
0.9029495
0.9321349
0.9356032
0.9337649
0.9337245
0.93406
0.9340009
0.9340955
0.8379119
0.8402177
0.8397277
0.8445216
0.842052
0.8424143
0.8425343
0.8399069
0.8401835
0.8292751
0.8943738
0.9064953
0.8369284
0.8403057
0.829883
0.8599485
0.8566384
0.8448534
0.8305303
0.8308971
0.8226487
0.8420282
0.8395472
0.8963855
0.9348906
0.9433212
0.9361156
0.8997445
0.837142
0.8379065
0.8377904
0.8642381
0.8743416
0.9334116
0.9570565
0.8302775
0.9087588
0.884561
0.8893999
0.8390312
0.8428597
0.862991
0.837005
0.9016248
0.9091495
0.8386164
0.9068563
0.9499468
0.9325209
0.9320672
0.9089179
0.9033263
0.9267083
0.90387
0.9033524
0.9028337
0.9476362
0.9503173
0.9037026
0.9257347
0.
0.912815
0.9426602
0.9231451
0.9283779
0.9263361
0.9259524
0.9265895
0.9264394
0.9259758
0.9494089
0.9481461
0.9492924
0.9497996
0.9489245
0.9476724
0.947856
0.9482325
0.9104971
0.906601
0.9128319
0.9251114
0.9485584
0.9494976
0.9446258
0.9033962
0.8996425
0.9490337
0.9070216
0.909818
0.909555
0.9484734
0.9487558
0.9222235
0.9270939
0.9322032
0.9314053
0.9234282
0.9500489
0.9501174
0.9501443
0.9074114
0.9039342
0.9261743
0.9417225
0.9104024
0.9257906
0.9203536
0.9664887
0.9498074
0.9496858
0.9022705
0.9123461
0.926585
0.9163168
0.9469865
0.8651518
0.906239
0.9089525
0.8449942
0.8739979
0.8492166
0.905881
0.8483776
0.8487252
0.847003
0.9055192
0.9066048
0.8579443
0.8972913
0.912815
0.
0.9202901
0.9014376
0.9066246
0.9049344
0.9052123
0.9048631
0.9050234
0.9048463
0.9078566
0.9066824
0.9085462
0.9095386
0.9081199
0.9075755
0.9080336
0.9055355
0.8655048
0.8638626
0.8894548
0.9053383
0.906768
0.9087413
0.9022932
0.8511109
0.8471076
0.9113855
0.8808258
0.8799254
0.8753029
0.9066846
0.9066575
0.8880605
0.9053666
0.9103704
0.9089387
0.8933605
0.905822
0.9063165
0.9062488
0.8709525
0.8619546
0.9054826
0.93162
0.8821191
0.9093379
0.900966
0.960869
0.9066047
0.9070824
0.8474491
0.8847808
0.9022473
0.9090837
0.9038988
0.9089955
0.9327925
0.938096
0.9452108
0.9015753
0.9136287
0.9457591
0.9135383
0.9136014
0.9132548
0.9301709
0.9310288
0.8977655
0.9029495
0.9426602
0.9202901
0.
0.9454244
0.946326
0.9458487
0.9455844
0.9456329
0.945653
0.9455462
0.9310434
0.9314747
0.9316567
0.9327909
0.9309373
0.9328943
0.9308216
0.9298827
0.9112353
0.9068672
0.9241132
0.9332864
0.9305763
0.9322164
0.9215057
0.9086919
0.9098933
0.9338658
0.9044552
0.906119
0.9032209
0.9305705
0.9313102
0.9221931
0.9467452
0.9480748
0.9536549
0.9130841
0.9310036
0.9310115
0.9310222
0.9106987
0.9020045
0.9432883
0.9572765
0.9073897
0.9234721
0.916274
0.9588983
0.9326116
0.9326418
0.9128867
0.9044635
0.9271757
0.9295167
0.9247243
0.8987572
0.9375649
0.9353725
0.9215539
0.9154064
0.8952615
0.3614962
0.8956412
0.8931738
0.8934914
0.9382461
0.9358908
0.9016268
0.9321349
0.9231451
0.9014376
0.9454244
0.
0.4252192
0.3615299
0.3597673
0.3576278
0.357149
0.3600788
0.9364019
0.9368737
0.9369974
0.9378641
0.9383807
0.9329032
0.9394362
0.9374085
0.9058006
0.9027446
0.91411
0.9223241
0.9380927
0.9390082
0.9341103
0.8947647
0.8939666
0.9401644
0.9157016
0.9149569
0.9105303
0.9378455
0.9391068
0.9181795
0.83313
0.8123833
0.8807491
0.9227032
0.9353654
0.9369348
0.9370308
0.9052165
0.897244
0.6413467
0.8729381
0.9151361
0.9271733
0.926547
0.9633176
0.9377164
0.9372668
0.8937511
0.9196853
0.9230714
0.9245794
0.9334132
0.9035732
0.9423
0.9315615
0.9248732
0.9151771
0.8949728
0.4583954
0.8944127
0.894257
0.8929737
0.9410266
0.9425395
0.9052021
0.9356032
0.9283779
0.9066246
0.946326
0.4252192
0.
0.4561382
0.455818
0.4545178
0.453724
0.4564285
0.9392716
0.9405872
0.9401185
0.9413798
0.942552
0.9356604
0.9425708
0.9383828
0.9064757
0.904004
0.9171413
0.92714
0.9400638
0.9400546
0.9364615
0.8961241
0.8946092
0.9414666
0.9160159
0.9168742
0.9105486
0.9396216
0.9420638
0.9228657
0.838621
0.8130906
0.87832
0.9177381
0.9402615
0.9416393
0.9416464
0.9097034
0.8990292
0.648947
0.8726523
0.9171449
0.9305715
0.9306236
0.9659217
0.9420764
0.9411598
0.8940397
0.9197584
0.9251138
0.9227578
0.9371671
0.9048581
0.9417247
0.9352353
0.9231747
0.9181099
0.8968186
0.0097122
0.8957938
0.8945772
0.8936463
0.9410628
0.9403097
0.9008693
0.9337649
0.9263361
0.9049344
0.9458487
0.3615299
0.4561382
0.
0.0114599
0.011874
0.0106989
0.0111729
0.9389541
0.939493
0.9402066
0.9412975
0.9394934
0.9363167
0.94064
0.9401872
0.9085521
0.9063987
0.9145609
0.9278206
0.9394427
0.9403664
0.9353956
0.897427
0.8985198
0.9420753
0.9176291
0.919054
0.9128302
0.9397945
0.9409833
0.9200461
0.8352494
0.8190946
0.8805059
0.920963
0.9386071
0.9403059
0.9402323
0.9080875
0.9001761
0.6625376
0.8767384
0.9167705
0.9264732
0.9287532
0.9665371
0.9418432
0.9401812
0.8944845
0.9190093
0.9219706
0.927277
0.9339843
0.9047859
0.9415608
0.9350482
0.9234696
0.9179944
0.8966986
0.0088434
0.89553
0.894261
0.8935039
0.941148
0.9404218
0.9002753
0.9337245
0.9259524
0.9052123
0.9455844
0.3597673
0.455818
0.0114599
0.
0.0091069
0.0079299
0.0080579
0.9389477
0.9394438
0.9402858
0.941208
0.9393539
0.9357389
0.9405423
0.940079
0.9077801
0.9059678
0.9141139
0.9277612
0.9392811
0.9402224
0.9354084
0.8974714
0.8985059
0.9420495
0.9173841
0.9187976
0.9124017
0.9395926
0.9408677
0.9197366
0.8355932
0.8193495
0.8807138
0.92088
0.9386532
0.9403635
0.9402898
0.9077901
0.9002699
0.6624473
0.8771339
0.9168194
0.9265935
0.9292699
0.9666265
0.9416792
0.9400662
0.8942682
0.9186701
0.9213823
0.9272431
0.9340576
0.9046223
0.9418037
0.9350933
0.9229061
0.918336
0.8971179
0.0080715
0.895946
0.8946297
0.893986
0.9412839
0.9405266
0.9004234
0.93406
0.9265895
0.9048631
0.9456329
0.3576278
0.4545178
0.011874
0.0091069
0.
0.0025788
0.0063866
0.9392098
0.9395312
0.9401963
0.9411626
0.9393788
0.9360177
0.9405385
0.9401797
0.9084916
0.9061553
0.9142979
0.9278801
0.9397869
0.9403934
0.9352803
0.8977067
0.8989471
0.9422799
0.9175187
0.9191564
0.9124873
0.9398065
0.9412468
0.9201668
0.8361945
0.8191808
0.8809067
0.9210985
0.9388398
0.9405433
0.9404687
0.9082406
0.9011056
0.6629693
0.8766614
0.9168174
0.9263168
0.9291827
0.9667902
0.9419228
0.9402885
0.8946804
0.9189301
0.921715
0.92718
0.9342881
0.904824
0.9418762
0.9349485
0.9230888
0.9182628
0.8971346
0.0069965
0.8960003
0.8947433
0.893906
0.9412716
0.9404852
0.9005116
0.9340009
0.9264394
0.9050234
0.945653
0.357149
0.453724
0.0106989
0.0079299
0.0025788
0.
0.0042447
0.9392638
0.9395154
0.9403331
0.9412032
0.9393728
0.9360297
0.9406095
0.9402337
0.9085418
0.9063718
0.9144006
0.9279391
0.9397148
0.9404035
0.9356204
0.8974858
0.8989253
0.9422495
0.9174963
0.9192157
0.9126163
0.9398431
0.9412197
0.9201149
0.8363841
0.8192694
0.8810373
0.9209677
0.9389352
0.940541
0.9404671
0.9084357
0.900962
0.6629721
0.8766464
0.9169422
0.926492
0.9292716
0.9664944
0.9419946
0.9403677
0.8947436
0.9190728
0.9217806
0.9273547
0.9344014
0.9048355
0.9417428
0.9348786
0.9230136
0.9181664
0.8970272
0.0074174
0.8959018
0.8946856
0.8938994
0.941334
0.9405747
0.9001406
0.9340955
0.9259758
0.9048463
0.9455462
0.3600788
0.4564285
0.0111729
0.0080579
0.0063866
0.0042447
0.
0.939322
0.9393741
0.9401129
0.9413368
0.9394766
0.9359601
0.9403793
0.9402232
0.9086748
0.9065904
0.9142871
0.9279433
0.939419
0.9405916
0.9355242
0.8972418
0.8987915
0.9422783
0.917495
0.9191734
0.912564
0.939906
0.9410182
0.9198549
0.8361858
0.8193052
0.880962
0.9207117
0.9390536
0.9406014
0.9405275
0.9082483
0.9006582
0.6624737
0.8765444
0.9164979
0.9265954
0.9288894
0.9664886
0.9418607
0.9402533
0.8945675
0.9190662
0.921601
0.9272401
0.9342783
0.7711078
0.354466
0.9515782
0.9471332
0.7845953
0.8397556
0.9391083
0.839536
0.838655
0.8370916
0.4032405
0.3184599
0.8778166
0.8379119
0.9494089
0.9078566
0.9310434
0.9364019
0.9392716
0.9389541
0.9389477
0.9392098
0.9392638
0.939322
0.
0.3982374
0.4704436
0.4596001
0.4587234
0.6812848
0.3973556
0.3366732
0.7751637
0.7539403
0.8885985
0.9131467
0.3474482
0.3384065
0.6566347
0.8329015
0.8382746
0.4631861
0.8290238
0.8291884
0.8048911
0.3387205
0.3379639
0.8932709
0.934666
0.9472848
0.925218
0.9167803
0.156074
0.1169009
0.115922
0.83486
0.8818807
0.9389945
0.9720657
0.8378487
0.9248619
0.9079926
0.9620651
0.3539368
0.3578854
0.8390858
0.8407782
0.9019891
0.9169109
0.664386
0.7764469
0.4349567
0.9525664
0.9457862
0.7899983
0.8430114
0.9394982
0.8425222
0.8408732
0.8387217
0.3645989
0.4184654
0.8766733
0.8402177
0.9481461
0.9066824
0.9314747
0.9368737
0.9405872
0.939493
0.9394438
0.9395312
0.9395154
0.9393741
0.3982374
0.
0.4697062
0.4503733
0.4504669
0.6869448
0.2186891
0.350958
0.7805778
0.7586873
0.8911282
0.9116714
0.3771896
0.3578807
0.6602564
0.8359846
0.8373802
0.4592661
0.8349633
0.8329085
0.8053589
0.3585741
0.3692454
0.8925146
0.9380364
0.9469895
0.9268342
0.9173399
0.4074833
0.3916813
0.3912581
0.8366879
0.8788587
0.9417619
0.9742286
0.84084
0.9242895
0.908988
0.9620638
0.434866
0.4361801
0.8414424
0.8446231
0.9007162
0.9155903
0.6661738
0.7842941
0.4937576
0.9510996
0.9482855
0.7954567
0.8461329
0.9401657
0.8454037
0.8431103
0.8417973
0.4692775
0.4801555
0.879861
0.8397277
0.9492924
0.9085462
0.9316567
0.9369974
0.9401185
0.9402066
0.9402858
0.9401963
0.9403331
0.9401129
0.4704436
0.4697062
0.
0.5117273
0.5021856
0.6872297
0.4612389
0.4582329
0.7806288
0.765585
0.8904474
0.9105977
0.4547972
0.4625486
0.664521
0.8385035
0.8423333
0.5109512
0.838842
0.8364521
0.8121305
0.4584315
0.4560982
0.8935644
0.9409567
0.948599
0.9284863
0.9175754
0.4780933
0.4709421
0.4709084
0.8397329
0.8846226
0.9404018
0.9752294
0.8450405
0.9246277
0.9082333
0.9615694
0.4938297
0.4989338
0.8434674
0.8491506
0.9039006
0.9165484
0.670858
0.7828907
0.4672733
0.9528489
0.9453084
0.7945207
0.8460094
0.9411806
0.8448441
0.8444321
0.8431102
0.4374382
0.4697475
0.8836892
0.8445216
0.9497996
0.9095386
0.9327909
0.9378641
0.9413798
0.9412975
0.941208
0.9411626
0.9412032
0.9413368
0.4596001
0.4503733
0.5117273
0.
0.2525092
0.6976681
0.441911
0.433781
0.7854886
0.7675547
0.8951016
0.9167023
0.4421622
0.425195
0.6693197
0.8377245
0.8417236
0.4272722
0.8386151
0.8383806
0.8131918
0.4338422
0.4416688
0.8973825
0.940212
0.9487445
0.9274854
0.9197582
0.4563053
0.4531418
0.4534577
0.8426814
0.8876419
0.9427975
0.9747189
0.8422953
0.9261147
0.9092485
0.9638565
0.4672982
0.4784355
0.8440597
0.8481845
0.9080804
0.9193401
0.6782177
0.781599
0.4652863
0.9517772
0.9450695
0.7935261
0.8441269
0.9394087
0.8439199
0.8431566
0.8411491
0.4442067
0.4653742
0.8820975
0.842052
0.9489245
0.9081199
0.9309373
0.9383807
0.942552
0.9394934
0.9393539
0.9393788
0.9393728
0.9394766
0.4587234
0.4504669
0.5021856
0.2525092
0.
0.6943537
0.439558
0.4329723
0.78246
0.7636436
0.8929756
0.9151819
0.440305
0.425895
0.6635141
0.8367608
0.8401595
0.4237796
0.8366789
0.8353639
0.8102264
0.4308733
0.4408493
0.8962766
0.9397994
0.9499204
0.9285226
0.9177121
0.4539712
0.4505871
0.4502662
0.8398991
0.8840956
0.9423173
0.9737715
0.8421748
0.9272584
0.9068282
0.9634746
0.4655455
0.4741628
0.8433372
0.8466413
0.9061564
0.9186194
0.6715588
0.7825778
0.6916487
0.950299
0.9482223
0.7969388
0.843277
0.936335
0.8423875
0.842381
0.8398588
0.6879709
0.6865689
0.8785998
0.8424143
0.9476724
0.9075755
0.9328943
0.9329032
0.9356604
0.9363167
0.9357389
0.9360177
0.9360297
0.9359601
0.6812848
0.6869448
0.6872297
0.6976681
0.6943537
0.
0.6901675
0.6908829
0.7876308
0.7654848
0.8866961
0.9162451
0.6860781
0.6930123
0.6667233
0.8339328
0.8344066
0.700234
0.8382761
0.8392937
0.8166463
0.6900887
0.6877017
0.8938316
0.9374728
0.9472232
0.9238696
0.9170325
0.6828314
0.6816886
0.6818181
0.8404899
0.8837189
0.9390675
0.9719445
0.8474805
0.9241827
0.9087553
0.9614826
0.6915431
0.6906533
0.8428795
0.8532873
0.898623
0.913188
0.6738708
0.7807959
0.4205763
0.9530551
0.9453445
0.7921141
0.8478398
0.9406168
0.8476123
0.8455937
0.8443291
0.345332
0.4109489
0.8771944
0.8425343
0.947856
0.9080336
0.9308216
0.9394362
0.9425708
0.94064
0.9405423
0.9405385
0.9406095
0.9403793
0.3973556
0.2186891
0.4612389
0.441911
0.439558
0.6901675
0.
0.3332701
0.7836809
0.7627896
0.8932637
0.9129921
0.3638879
0.3307179
0.6670263
0.8396002
0.8432263
0.4414172
0.8382082
0.8344698
0.8098938
0.3378198
0.3495918
0.8953288
0.938801
0.9462754
0.92831
0.9204184
0.4030995
0.3880469
0.3873223
0.8395703
0.8800032
0.9400598
0.975426
0.8444755
0.9246615
0.9102369
0.9613156
0.4204101
0.4253306
0.8468351
0.8465009
0.9030001
0.9160323
0.6738369
0.7790521
0.36589
0.951376
0.9459808
0.7916185
0.8448279
0.9401766
0.8448259
0.8434541
0.8418309
0.3501524
0.3559102
0.877157
0.8399069
0.9482325
0.9055355
0.9298827
0.9374085
0.9383828
0.9401872
0.940079
0.9401797
0.9402337
0.9402232
0.3366732
0.350958
0.4582329
0.433781
0.4329723
0.6908829
0.3332701
0.
0.7786919
0.7587006
0.8926354
0.9140179
0.2811269
0.2357413
0.6647062
0.8361969
0.8426312
0.4410345
0.833586
0.8335256
0.8075108
0.2204298
0.251012
0.8955501
0.9390298
0.9496695
0.9261346
0.9170792
0.3401623
0.325502
0.3252566
0.8412033
0.8823746
0.9420608
0.9733897
0.8406442
0.9247923
0.9101099
0.961573
0.3655783
0.3780737
0.8441279
0.8445494
0.9040598
0.9176841
0.6692971
0.580224
0.7797408
0.9185381
0.9171548
0.7835679
0.8082089
0.9091143
0.8087413
0.8031049
0.8053352
0.7799277
0.7758152
0.8347275
0.8401835
0.9104971
0.8655048
0.9112353
0.9058006
0.9064757
0.9085521
0.9077801
0.9084916
0.9085418
0.9086748
0.7751637
0.7805778
0.7806288
0.7854886
0.78246
0.7876308
0.7836809
0.7786919
0.
0.5833948
0.8493483
0.882483
0.776851
0.7824056
0.7647647
0.7996724
0.8006141
0.7856643
0.8147535
0.8119019
0.8033557
0.7806728
0.7764746
0.8574117
0.9057025
0.9190922
0.9042764
0.8811067
0.77322
0.7759163
0.7756028
0.8002632
0.8390501
0.9085657
0.9486483
0.8240037
0.8967388
0.8777571
0.957474
0.7796595
0.7822601
0.8073117
0.8295861
0.86947
0.884037
0.7742217
0.5186754
0.7624447
0.9200148
0.9172004
0.7632703
0.7947603
0.9067093
0.7946281
0.7928234
0.7927796
0.7586888
0.7560608
0.8215623
0.8292751
0.906601
0.8638626
0.9068672
0.9027446
0.904004
0.9063987
0.9059678
0.9061553
0.9063718
0.9065904
0.7539403
0.7586873
0.765585
0.7675547
0.7636436
0.7654848
0.7627896
0.7587006
0.5833948
0.
0.8419485
0.8800578
0.7582184
0.7617189
0.7437973
0.7898721
0.7886452
0.7670079
0.7965392
0.7949637
0.7797446
0.7586873
0.7584063
0.8516937
0.9018416
0.9185402
0.9015058
0.871
0.7552708
0.7568877
0.7566811
0.7918437
0.8232415
0.9030225
0.9478336
0.8070564
0.8915506
0.864337
0.9546087
0.7624286
0.7624207
0.7925154
0.813709
0.8644715
0.8807021
0.7540544
0.8464048
0.8919984
0.9204598
0.9225282
0.8594893
0.8612682
0.9148663
0.8613413
0.8574186
0.8579157
0.8913318
0.8907565
0.8664652
0.8943738
0.9128319
0.8894548
0.9241132
0.91411
0.9171413
0.9145609
0.9141139
0.9142979
0.9144006
0.9142871
0.8885985
0.8911282
0.8904474
0.8951016
0.8929756
0.8866961
0.8932637
0.8926354
0.8493483
0.8419485
0.
0.8966189
0.8911514
0.8921642
0.8828156
0.8577371
0.858259
0.8958385
0.8634626
0.8635476
0.8588317
0.8926097
0.8905752
0.8369116
0.9158962
0.9259133
0.9185811
0.8997041
0.8885489
0.8891454
0.8893856
0.7607024
0.8761965
0.9153063
0.9352597
0.868956
0.9028999
0.8864326
0.954893
0.8918946
0.8927691
0.8595062
0.8716974
0.8444268
0.8922714
0.8893368
0.8819264
0.9124771
0.9290405
0.9365589
0.8879644
0.8847635
0.9279828
0.885473
0.8861346
0.8837756
0.9147125
0.9124267
0.8880328
0.9064953
0.9251114
0.9053383
0.9332864
0.9223241
0.92714
0.9278206
0.9277612
0.9278801
0.9279391
0.9279433
0.9131467
0.9116714
0.9105977
0.9167023
0.9151819
0.9162451
0.9129921
0.9140179
0.882483
0.8800578
0.8966189
0.
0.9129374
0.912028
0.9075506
0.8854142
0.8834961
0.9152242
0.8919664
0.8950552
0.8923946
0.9145354
0.9135903
0.8995695
0.928592
0.9341415
0.9255701
0.9109971
0.9118734
0.9120773
0.9120515
0.8763402
0.8925591
0.9258914
0.9446649
0.8943814
0.9078897
0.903102
0.9651063
0.9123206
0.9143832
0.8847859
0.8947556
0.9068346
0.910698
0.9112886
0.7741856
0.3710604
0.951474
0.9453429
0.7885747
0.8432155
0.9395004
0.8427987
0.8406272
0.8397861
0.3613912
0.3634145
0.8793366
0.8369284
0.9485584
0.906768
0.9305763
0.9380927
0.9400638
0.9394427
0.9392811
0.9397869
0.9397148
0.939419
0.3474482
0.3771896
0.4547972
0.4421622
0.440305
0.6860781
0.3638879
0.2811269
0.776851
0.7582184
0.8911514
0.9129374
0.
0.2794771
0.6598408
0.8354127
0.8417536
0.4470655
0.8301432
0.8311677
0.8073034
0.2862768
0.2957126
0.8933753
0.9378081
0.9510273
0.9277101
0.9180006
0.3566183
0.338807
0.3385765
0.8389232
0.8820164
0.9410749
0.9741451
0.8390834
0.9250421
0.9080389
0.9614099
0.370756
0.3879258
0.8421608
0.8452188
0.9030369
0.9163194
0.6621555
0.7805049
0.3703335
0.9523702
0.9446166
0.7938446
0.844966
0.9402937
0.8454994
0.8435567
0.8418917
0.3567616
0.3642956
0.8803335
0.8403057
0.9494976
0.9087413
0.9322164
0.9390082
0.9400546
0.9403664
0.9402224
0.9403934
0.9404035
0.9405916
0.3384065
0.3578807
0.4625486
0.425195
0.425895
0.6930123
0.3307179
0.2357413
0.7824056
0.7617189
0.8921642
0.912028
0.2794771
0.
0.6627886
0.8393958
0.8427455
0.4347182
0.8332967
0.8352105
0.8091484
0.2180003
0.2639856
0.8955006
0.939211
0.9485098
0.9265441
0.9173432
0.3435767
0.3289801
0.3287452
0.8393707
0.8840945
0.9406949
0.973205
0.8423239
0.9257089
0.9091339
0.9610758
0.369944
0.3797376
0.84368
0.8456269
0.9024382
0.9173176
0.6719305
0.7621654
0.6636464
0.9476307
0.9429777
0.7879561
0.8344677
0.9356661
0.8337017
0.8321305
0.831541
0.6605223
0.6583959
0.8719738
0.829883
0.9446258
0.9022932
0.9215057
0.9341103
0.9364615
0.9353956
0.9354084
0.9352803
0.9356204
0.9355242
0.6566347
0.6602564
0.664521
0.6693197
0.6635141
0.6667233
0.6670263
0.6647062
0.7647647
0.7437973
0.8828156
0.9075506
0.6598408
0.6627886
0.
0.8253742
0.8300415
0.6726696
0.8247591
0.8272037
0.804789
0.664401
0.6579582
0.890202
0.9352026
0.9454694
0.9217268
0.913186
0.6528982
0.6558285
0.6560549
0.8308893
0.8758959
0.9351071
0.9733222
0.8379178
0.921321
0.9026479
0.9586421
0.6635675
0.664016
0.8333489
0.8420405
0.8980898
0.9143583
0.5622434
0.7967868
0.8369852
0.909237
0.8988444
0.8067406
0.5695833
0.8985679
0.5684602
0.5693375
0.5635732
0.8374507
0.8365498
0.6238582
0.8599485
0.9033962
0.8511109
0.9086919
0.8947647
0.8961241
0.897427
0.8974714
0.8977067
0.8974858
0.8972418
0.8329015
0.8359846
0.8385035
0.8377245
0.8367608
0.8339328
0.8396002
0.8361969
0.7996724
0.7898721
0.8577371
0.8854142
0.8354127
0.8393958
0.8253742
0.
0.4441363
0.8406398
0.8227524
0.8255957
0.8192181
0.8390586
0.8376571
0.86496
0.899032
0.912672
0.8994356
0.8780727
0.8338158
0.8343505
0.8338097
0.8141154
0.7406798
0.8965886
0.9361854
0.8290266
0.8939143
0.8730768
0.9611411
0.8369621
0.8367585
0.5658169
0.8414417
0.8720794
0.8792012
0.8334438
0.7944149
0.8424153
0.9095659
0.8993421
0.8064293
0.5738417
0.900041
0.5745625
0.5719915
0.567306
0.8414766
0.8386677
0.6320522
0.8566384
0.8996425
0.8471076
0.9098933
0.8939666
0.8946092
0.8985198
0.8985059
0.8989471
0.8989253
0.8987915
0.8382746
0.8373802
0.8423333
0.8417236
0.8401595
0.8344066
0.8432263
0.8426312
0.8006141
0.7886452
0.858259
0.8834961
0.8417536
0.8427455
0.8300415
0.4441363
0.
0.8452272
0.82158
0.8246257
0.8172348
0.8438814
0.8428732
0.8608425
0.8998149
0.9096842
0.8964769
0.8768933
0.8388075
0.8396369
0.8392235
0.8113852
0.7475084
0.8967129
0.9352405
0.8270175
0.8936597
0.8691693
0.9603101
0.8422517
0.8423114
0.5689847
0.8357595
0.8675559
0.876411
0.8386649
0.7828412
0.4601179
0.9526771
0.9467273
0.7968003
0.8476136
0.9421105
0.8472317
0.8459377
0.8444957
0.4471878
0.4680367
0.8811427
0.8448534
0.9490337
0.9113855
0.9338658
0.9401644
0.9414666
0.9420753
0.9420495
0.9422799
0.9422495
0.9422783
0.4631861
0.4592661
0.5109512
0.4272722
0.4237796
0.700234
0.4414172
0.4410345
0.7856643
0.7670079
0.8958385
0.9152242
0.4470655
0.4347182
0.6726696
0.8406398
0.8452272
0.
0.8416574
0.8385646
0.8161179
0.4320778
0.4451999
0.897655
0.9413597
0.9508495
0.9278605
0.9227606
0.4593157
0.4559384
0.4554841
0.8410269
0.8839209
0.9452817
0.9761013
0.8450526
0.9260107
0.911537
0.9643854
0.4599546
0.4708296
0.8470248
0.85138
0.9074547
0.917897
0.6764962
0.8071112
0.8336072
0.9232909
0.9220738
0.6969617
0.8328857
0.9180484
0.8327178
0.8323466
0.8299631
0.8340299
0.8321499
0.832326
0.8305303
0.9070216
0.8808258
0.9044552
0.9157016
0.9160159
0.9176291
0.9173841
0.9175187
0.9174963
0.917495
0.8290238
0.8349633
0.838842
0.8386151
0.8366789
0.8382761
0.8382082
0.833586
0.8147535
0.7965392
0.8634626
0.8919664
0.8301432
0.8332967
0.8247591
0.8227524
0.82158
0.8416574
0.
0.6544541
0.5726481
0.832782
0.8318877
0.8688142
0.9172424
0.9268354
0.9184771
0.8857593
0.8312307
0.8297827
0.8296783
0.8309576
0.8428696
0.9167159
0.9450341
0.523732
0.8988464
0.8734539
0.9517892
0.8335868
0.8359272
0.832227
0.6253958
0.8753095
0.8912456
0.8335018
0.8060581
0.8328945
0.9241701
0.9233662
0.7010103
0.8349225
0.9195559
0.8342243
0.8316669
0.8324471
0.8302514
0.8312954
0.830994
0.8308971
0.909818
0.8799254
0.906119
0.9149569
0.9168742
0.919054
0.9187976
0.9191564
0.9192157
0.9191734
0.8291884
0.8329085
0.8364521
0.8383806
0.8353639
0.8392937
0.8344698
0.8335256
0.8119019
0.7949637
0.8635476
0.8950552
0.8311677
0.8352105
0.8272037
0.8255957
0.8246257
0.8385646
0.6544541
0.
0.6160128
0.8346531
0.8341579
0.866693
0.9136081
0.9230316
0.9161368
0.8901886
0.8304496
0.8301607
0.8301156
0.8326959
0.8416186
0.9216861
0.9467069
0.6559929
0.9038864
0.8735815
0.9476531
0.83285
0.8332466
0.8323803
0.6594462
0.8739068
0.8894707
0.8307595
0.7916149
0.8097303
0.924262
0.9230149
0.6706405
0.8290387
0.912961
0.8292273
0.8267358
0.8264627
0.8089031
0.8065703
0.8276467
0.8226487
0.909555
0.8753029
0.9032209
0.9105303
0.9105486
0.9128302
0.9124017
0.9124873
0.9126163
0.912564
0.8048911
0.8053589
0.8121305
0.8131918
0.8102264
0.8166463
0.8098938
0.8075108
0.8033557
0.7797446
0.8588317
0.8923946
0.8073034
0.8091484
0.804789
0.8192181
0.8172348
0.8161179
0.5726481
0.6160128
0.
0.8073494
0.8069685
0.8669808
0.9129698
0.9231134
0.9172714
0.8853057
0.8061039
0.8065439
0.8062376
0.8236159
0.8345067
0.9167618
0.946372
0.5889418
0.8995262
0.8701041
0.9495594
0.8097274
0.8101694
0.8286836
0.5741948
0.8759125
0.8905933
0.81122
0.7810441
0.3645102
0.951484
0.9465812
0.7933891
0.847217
0.9398909
0.8472176
0.8454616
0.8438056
0.344516
0.3617937
0.8783991
0.8420282
0.9484734
0.9066846
0.9305705
0.9378455
0.9396216
0.9397945
0.9395926
0.9398065
0.9398431
0.939906
0.3387205
0.3585741
0.4584315
0.4338422
0.4308733
0.6900887
0.3378198
0.2204298
0.7806728
0.7586873
0.8926097
0.9145354
0.2862768
0.2180003
0.664401
0.8390586
0.8438814
0.4320778
0.832782
0.8346531
0.8073494
0.
0.2607839
0.8955586
0.9387566
0.9479482
0.9264799
0.9200379
0.3472254
0.3330709
0.3329094
0.8407155
0.8827587
0.9397372
0.9726016
0.8405406
0.9266817
0.9094383
0.9616346
0.3641224
0.371432
0.8462394
0.8448591
0.9048019
0.9166859
0.6710878
0.7789871
0.3806359
0.9519338
0.9447781
0.789687
0.8445911
0.9409903
0.8437897
0.8431312
0.8406725
0.3516667
0.3577301
0.8797654
0.8395472
0.9487558
0.9066575
0.9313102
0.9391068
0.9420638
0.9409833
0.9408677
0.9412468
0.9412197
0.9410182
0.3379639
0.3692454
0.4560982
0.4416688
0.4408493
0.6877017
0.3495918
0.251012
0.7764746
0.7584063
0.8905752
0.9135903
0.2957126
0.2639856
0.6579582
0.8376571
0.8428732
0.4451999
0.8318877
0.8341579
0.8069685
0.2607839
0.
0.893962
0.9376321
0.9506421
0.9291798
0.9183085
0.3366291
0.3244464
0.3242245
0.8389772
0.8851221
0.9415281
0.9736422
0.8400615
0.9246596
0.9097084
0.9604696
0.3801122
0.3819402
0.8431264
0.8443937
0.9037438
0.9155323
0.6654263
0.8570889
0.8950493
0.9250807
0.9193336
0.8632722
0.863719
0.920483
0.8647311
0.8636468
0.8640489
0.8950174
0.8940451
0.8752898
0.8963855
0.9222235
0.8880605
0.9221931
0.9181795
0.9228657
0.9200461
0.9197366
0.9201668
0.9201149
0.9198549
0.8932709
0.8925146
0.8935644
0.8973825
0.8962766
0.8938316
0.8953288
0.8955501
0.8574117
0.8516937
0.8369116
0.8995695
0.8933753
0.8955006
0.890202
0.86496
0.8608425
0.897655
0.8688142
0.866693
0.8669808
0.8955586
0.893962
0.
0.9208218
0.931802
0.9248366
0.9025825
0.892973
0.892958
0.8925902
0.8026572
0.8825665
0.9234012
0.9427805
0.875183
0.9044411
0.8883679
0.9610558
0.8950515
0.8944359
0.8632375
0.8729639
0.68592
0.9052666
0.8936722
0.9030935
0.9384675
0.9317165
0.9250285
0.9171513
0.898584
0.8366456
0.8986759
0.8993301
0.89796
0.9389698
0.9369534
0.904247
0.9348906
0.9270939
0.9053666
0.9467452
0.83313
0.838621
0.8352494
0.8355932
0.8361945
0.8363841
0.8361858
0.934666
0.9380364
0.9409567
0.940212
0.9397994
0.9374728
0.938801
0.9390298
0.9057025
0.9018416
0.9158962
0.928592
0.9378081
0.939211
0.9352026
0.899032
0.8998149
0.9413597
0.9172424
0.9136081
0.9129698
0.9387566
0.9376321
0.9208218
0.
0.8396473
0.8741396
0.9230034
0.9367104
0.9355753
0.9355957
0.9048559
0.9034359
0.8355955
0.8894306
0.9194836
0.9311998
0.9311522
0.9696012
0.9387292
0.9378615
0.8987493
0.9204323
0.9263181
0.9268915
0.9354235
0.9180353
0.9488652
0.9416082
0.9287096
0.9255402
0.9108715
0.8206676
0.9109587
0.9098846
0.9099378
0.9482088
0.9500058
0.9129785
0.9433212
0.9322032
0.9103704
0.9480748
0.8123833
0.8130906
0.8190946
0.8193495
0.8191808
0.8192694
0.8193052
0.9472848
0.9469895
0.948599
0.9487445
0.9499204
0.9472232
0.9462754
0.9496695
0.9190922
0.9185402
0.9259133
0.9341415
0.9510273
0.9485098
0.9454694
0.912672
0.9096842
0.9508495
0.9268354
0.9230316
0.9231134
0.9479482
0.9506421
0.931802
0.8396473
0.
0.8895872
0.927372
0.9480089
0.947329
0.9472066
0.9180331
0.9091725
0.8112342
0.8766695
0.9228675
0.9383843
0.9327452
0.9702313
0.9488743
0.947415
0.9100002
0.9276056
0.9328674
0.9290043
0.9484557
0.8973517
0.9280703
0.9398884
0.9239964
0.9124463
0.8970931
0.881743
0.8967869
0.8941759
0.8943649
0.9261543
0.9262575
0.9119956
0.9361156
0.9314053
0.9089387
0.9536549
0.8807491
0.87832
0.8805059
0.8807138
0.8809067
0.8810373
0.880962
0.925218
0.9268342
0.9284863
0.9274854
0.9285226
0.9238696
0.92831
0.9261346
0.9042764
0.9015058
0.9185811
0.9255701
0.9277101
0.9265441
0.9217268
0.8994356
0.8964769
0.9278605
0.9184771
0.9161368
0.9172714
0.9264799
0.9291798
0.9248366
0.8741396
0.8895872
0.
0.9180733
0.9247881
0.9256154
0.9253597
0.904104
0.9057336
0.8803174
0.9154727
0.9202521
0.9384317
0.9360053
0.9725002
0.9278825
0.9260435
0.8945835
0.9221453
0.9318941
0.9231906
0.9232827
0.8756632
0.9194077
0.9027906
0.9164295
0.8850917
0.8789423
0.9210295
0.8771735
0.8791967
0.8759342
0.9183348
0.9186527
0.883464
0.8997445
0.9234282
0.8933605
0.9130841
0.9227032
0.9177381
0.920963
0.92088
0.9210985
0.9209677
0.9207117
0.9167803
0.9173399
0.9175754
0.9197582
0.9177121
0.9170325
0.9204184
0.9170792
0.8811067
0.871
0.8997041
0.9109971
0.9180006
0.9173432
0.913186
0.8780727
0.8768933
0.9227606
0.8857593
0.8901886
0.8853057
0.9200379
0.9183085
0.9025825
0.9230034
0.927372
0.9180733
0.
0.9169392
0.9178257
0.9178742
0.8808991
0.8917637
0.9217526
0.9443141
0.8892531
0.913867
0.9050964
0.9620039
0.9192692
0.9194649
0.877794
0.8916879
0.9099479
0.9143075
0.9094838
0.7739921
0.3628197
0.9511666
0.9459282
0.7874939
0.8396431
0.9388626
0.8401157
0.8391534
0.8376924
0.4009763
0.3238133
0.8778721
0.837142
0.9500489
0.905822
0.9310036
0.9353654
0.9402615
0.9386071
0.9386532
0.9388398
0.9389352
0.9390536
0.156074
0.4074833
0.4780933
0.4563053
0.4539712
0.6828314
0.4030995
0.3401623
0.77322
0.7552708
0.8885489
0.9118734
0.3566183
0.3435767
0.6528982
0.8338158
0.8388075
0.4593157
0.8312307
0.8304496
0.8061039
0.3472254
0.3366291
0.892973
0.9367104
0.9480089
0.9247881
0.9169392
0.
0.1236943
0.1228446
0.8351923
0.8818231
0.9390683
0.9730886
0.8395267
0.9246994
0.9077973
0.9618388
0.3626732
0.3681084
0.8390604
0.8412035
0.90143
0.9151777
0.6632898
0.7748137
0.3501115
0.9525837
0.9463524
0.7863231
0.840037
0.9405025
0.8400017
0.8399039
0.8376932
0.3924711
0.2998208
0.8796037
0.8379065
0.9501174
0.9063165
0.9310115
0.9369348
0.9416393
0.9403059
0.9403635
0.9405433
0.940541
0.9406014
0.1169009
0.3916813
0.4709421
0.4531418
0.4505871
0.6816886
0.3880469
0.325502
0.7759163
0.7568877
0.8891454
0.9120773
0.338807
0.3289801
0.6558285
0.8343505
0.8396369
0.4559384
0.8297827
0.8301607
0.8065439
0.3330709
0.3244464
0.892958
0.9355753
0.947329
0.9256154
0.9178257
0.1236943
0.
0.0034726
0.8363695
0.8828362
0.9397624
0.972883
0.8397466
0.9253959
0.9080445
0.9629494
0.3499627
0.3560433
0.839435
0.8405088
0.9023279
0.9167696
0.6641673
0.7745917
0.3499754
0.9526294
0.9464529
0.786224
0.8396822
0.9404281
0.8396616
0.839561
0.8373491
0.3917593
0.2987474
0.8793791
0.8377904
0.9501443
0.9062488
0.9310222
0.9370308
0.9416464
0.9402323
0.9402898
0.9404687
0.9404671
0.9405275
0.115922
0.3912581
0.4709084
0.4534577
0.4502662
0.6818181
0.3873223
0.3252566
0.7756028
0.7566811
0.8893856
0.9120515
0.3385765
0.3287452
0.6560549
0.8338097
0.8392235
0.4554841
0.8296783
0.8301156
0.8062376
0.3329094
0.3242245
0.8925902
0.9355957
0.9472066
0.9253597
0.9178742
0.1228446
0.0034726
0.
0.8363523
0.8826402
0.9396034
0.9728578
0.8393515
0.9257183
0.9078798
0.9628606
0.3498249
0.3562805
0.8390858
0.8407479
0.9022457
0.916577
0.6640995
0.7967939
0.838637
0.9159386
0.9151007
0.8128177
0.8179127
0.9090458
0.8177164
0.8185339
0.8157334
0.839059
0.8357654
0.8331762
0.8642381
0.9074114
0.8709525
0.9106987
0.9052165
0.9097034
0.9080875
0.9077901
0.9082406
0.9084357
0.9082483
0.83486
0.8366879
0.8397329
0.8426814
0.8398991
0.8404899
0.8395703
0.8412033
0.8002632
0.7918437
0.7607024
0.8763402
0.8389232
0.8393707
0.8308893
0.8141154
0.8113852
0.8410269
0.8309576
0.8326959
0.8236159
0.8407155
0.8389772
0.8026572
0.9048559
0.9180331
0.904104
0.8808991
0.8351923
0.8363695
0.8363523
0.
0.8457636
0.9040693
0.9365131
0.8401696
0.8909541
0.8694878
0.9533738
0.838793
0.8402896
0.8168983
0.8383772
0.817179
0.8775183
0.8365142
0.8353122
0.8846837
0.9184045
0.9055465
0.8367452
0.7346346
0.9018517
0.7347663
0.7379172
0.7337937
0.8818898
0.8830493
0.6630614
0.8743416
0.9039342
0.8619546
0.9020045
0.897244
0.8990292
0.9001761
0.9002699
0.9011056
0.900962
0.9006582
0.8818807
0.8788587
0.8846226
0.8876419
0.8840956
0.8837189
0.8800032
0.8823746
0.8390501
0.8232415
0.8761965
0.8925591
0.8820164
0.8840945
0.8758959
0.7406798
0.7475084
0.8839209
0.8428696
0.8416186
0.8345067
0.8827587
0.8851221
0.8825665
0.9034359
0.9091725
0.9057336
0.8917637
0.8818231
0.8828362
0.8826402
0.8457636
0.
0.8989963
0.9326066
0.847963
0.9000544
0.8854959
0.9527296
0.8845993
0.8851488
0.7353078
0.8483657
0.8903898
0.8914984
0.8831575
0.9079839
0.9409237
0.9337256
0.9171711
0.9183781
0.8958425
0.6637548
0.8958391
0.894644
0.8956085
0.9414324
0.9401467
0.9049673
0.9334116
0.9261743
0.9054826
0.9432883
0.6413467
0.648947
0.6625376
0.6624473
0.6629693
0.6629721
0.6624737
0.9389945
0.9417619
0.9404018
0.9427975
0.9423173
0.9390675
0.9400598
0.9420608
0.9085657
0.9030225
0.9153063
0.9258914
0.9410749
0.9406949
0.9351071
0.8965886
0.8967129
0.9452817
0.9167159
0.9216861
0.9167618
0.9397372
0.9415281
0.9234012
0.8355955
0.8112342
0.8803174
0.9217526
0.9390683
0.9397624
0.9396034
0.9040693
0.8989963
0.
0.8705591
0.9206902
0.9258632
0.9293439
0.9699743
0.9409544
0.9399052
0.895627
0.9211763
0.9272868
0.9241663
0.9411346
0.9435056
0.9748061
0.94579
0.9388487
0.9498342
0.9333551
0.8773411
0.9333619
0.9331998
0.9334454
0.9746449
0.9736905
0.9322134
0.9570565
0.9417225
0.93162
0.9572765
0.8729381
0.8726523
0.8767384
0.8771339
0.8766614
0.8766464
0.8765444
0.9720657
0.9742286
0.9752294
0.9747189
0.9737715
0.9719445
0.975426
0.9733897
0.9486483
0.9478336
0.9352597
0.9446649
0.9741451
0.973205
0.9733222
0.9361854
0.9352405
0.9761013
0.9450341
0.9467069
0.946372
0.9726016
0.9736422
0.9427805
0.8894306
0.8766695
0.9154727
0.9443141
0.9730886
0.972883
0.9728578
0.9365131
0.9326066
0.8705591
0.
0.9483027
0.9422973
0.9455097
0.9746172
0.974737
0.9749538
0.9333823
0.9450431
0.9444912
0.9469087
0.9732751
0.813085
0.8386562
0.923128
0.925831
0.7081037
0.8347243
0.9171879
0.8357494
0.8341231
0.8330586
0.8408893
0.8393771
0.8349835
0.8302775
0.9104024
0.8821191
0.9073897
0.9151361
0.9171449
0.9167705
0.9168194
0.9168174
0.9169422
0.9164979
0.8378487
0.84084
0.8450405
0.8422953
0.8421748
0.8474805
0.8444755
0.8406442
0.8240037
0.8070564
0.868956
0.8943814
0.8390834
0.8423239
0.8379178
0.8290266
0.8270175
0.8450526
0.523732
0.6559929
0.5889418
0.8405406
0.8400615
0.875183
0.9194836
0.9228675
0.9202521
0.8892531
0.8395267
0.8397466
0.8393515
0.8401696
0.847963
0.9206902
0.9483027
0.
0.9017024
0.8750713
0.9518171
0.8387293
0.8395686
0.8353512
0.6287234
0.8816847
0.8926053
0.8437043
0.8920394
0.9260179
0.9279868
0.9318285
0.8965622
0.8919846
0.9265348
0.8914707
0.891232
0.8900845
0.9264493
0.9253645
0.8965952
0.9087588
0.9257906
0.9093379
0.9234721
0.9271733
0.9305715
0.9264732
0.9265935
0.9263168
0.926492
0.9265954
0.9248619
0.9242895
0.9246277
0.9261147
0.9272584
0.9241827
0.9246615
0.9247923
0.8967388
0.8915506
0.9028999
0.9078897
0.9250421
0.9257089
0.921321
0.8939143
0.8936597
0.9260107
0.8988464
0.9038864
0.8995262
0.9266817
0.9246596
0.9044411
0.9311998
0.9383843
0.9384317
0.913867
0.9246994
0.9253959
0.9257183
0.8909541
0.9000544
0.9258632
0.9422973
0.9017024
0.
0.9084091
0.9630102
0.9259477
0.9259986
0.8902121
0.9043141
0.9091807
0.9195695
0.9250537
0.8664722
0.9075103
0.928185
0.9348311
0.8643618
0.8790465
0.9292217
0.8781737
0.8771995
0.8769499
0.9094022
0.9083432
0.8738313
0.884561
0.9203536
0.900966
0.916274
0.926547
0.9306236
0.9287532
0.9292699
0.9291827
0.9292716
0.9288894
0.9079926
0.908988
0.9082333
0.9092485
0.9068282
0.9087553
0.9102369
0.9101099
0.8777571
0.864337
0.8864326
0.903102
0.9080389
0.9091339
0.9026479
0.8730768
0.8691693
0.911537
0.8734539
0.8735815
0.8701041
0.9094383
0.9097084
0.8883679
0.9311522
0.9327452
0.9360053
0.9050964
0.9077973
0.9080445
0.9078798
0.8694878
0.8854959
0.9293439
0.9455097
0.8750713
0.9084091
0.
0.9583204
0.9075269
0.908998
0.8790006
0.8740507
0.8953698
0.9078159
0.9063201
0.9526995
0.9624922
0.967029
0.9664545
0.9488844
0.9626955
0.9671215
0.9641377
0.962098
0.9633424
0.960668
0.9620203
0.9552503
0.8893999
0.9664887
0.960869
0.9588983
0.9633176
0.9659217
0.9665371
0.9666265
0.9667902
0.9664944
0.9664886
0.9620651
0.9620638
0.9615694
0.9638565
0.9634746
0.9614826
0.9613156
0.961573
0.957474
0.9546087
0.954893
0.9651063
0.9614099
0.9610758
0.9586421
0.9611411
0.9603101
0.9643854
0.9517892
0.9476531
0.9495594
0.9616346
0.9604696
0.9610558
0.9696012
0.9702313
0.9725002
0.9620039
0.9618388
0.9629494
0.9628606
0.9533738
0.9527296
0.9699743
0.9746172
0.9518171
0.9630102
0.9583204
0.
0.9624762
0.9623652
0.9628832
0.9524632
0.9620453
0.9633039
0.9585082
0.7803027
0.0031362
0.9524404
0.9440174
0.7905741
0.8473529
0.9417237
0.8466744
0.8454996
0.8443044
0.4291202
0.361782
0.8781855
0.8390312
0.9498074
0.9066047
0.9326116
0.9377164
0.9420764
0.9418432
0.9416792
0.9419228
0.9419946
0.9418607
0.3539368
0.434866
0.4938297
0.4672982
0.4655455
0.6915431
0.4204101
0.3655783
0.7796595
0.7624286
0.8918946
0.9123206
0.370756
0.369944
0.6635675
0.8369621
0.8422517
0.4599546
0.8335868
0.83285
0.8097274
0.3641224
0.3801122
0.8950515
0.9387292
0.9488743
0.9278825
0.9192692
0.3626732
0.3499627
0.3498249
0.838793
0.8845993
0.9409544
0.974737
0.8387293
0.9259477
0.9075269
0.9624762
0.
0.131738
0.8469176
0.8442486
0.9044721
0.9157343
0.6721961
0.7812464
0.1342535
0.9518734
0.9452156
0.7903451
0.8461772
0.9401089
0.8455067
0.8441986
0.8436276
0.4359405
0.3710196
0.8784819
0.8428597
0.9496858
0.9070824
0.9326418
0.9372668
0.9411598
0.9401812
0.9400662
0.9402885
0.9403677
0.9402533
0.3578854
0.4361801
0.4989338
0.4784355
0.4741628
0.6906533
0.4253306
0.3780737
0.7822601
0.7624207
0.8927691
0.9143832
0.3879258
0.3797376
0.664016
0.8367585
0.8423114
0.4708296
0.8359272
0.8332466
0.8101694
0.371432
0.3819402
0.8944359
0.9378615
0.947415
0.9260435
0.9194649
0.3681084
0.3560433
0.3562805
0.8402896
0.8851488
0.9399052
0.9749538
0.8395686
0.9259986
0.908998
0.9623652
0.131738
0.
0.8458602
0.8440916
0.9052745
0.9156116
0.6736136
0.804543
0.8469499
0.9068611
0.8982604
0.8175347
0.107643
0.8957722
0.0877592
0.1470099
0.1011776
0.8413915
0.8420548
0.6803866
0.862991
0.9022705
0.8474491
0.9128867
0.8937511
0.8940397
0.8944845
0.8942682
0.8946804
0.8947436
0.8945675
0.8390858
0.8414424
0.8434674
0.8440597
0.8433372
0.8428795
0.8468351
0.8441279
0.8073117
0.7925154
0.8595062
0.8847859
0.8421608
0.84368
0.8333489
0.5658169
0.5689847
0.8470248
0.832227
0.8323803
0.8286836
0.8462394
0.8431264
0.8632375
0.8987493
0.9100002
0.8945835
0.877794
0.8390604
0.839435
0.8390858
0.8168983
0.7353078
0.895627
0.9333823
0.8353512
0.8902121
0.8790006
0.9628832
0.8469176
0.8458602
0.
0.8460869
0.8762282
0.8801156
0.841619
0.8204319
0.8441395
0.9268749
0.9265289
0.7112544
0.8467442
0.9194014
0.8461671
0.8434237
0.8423009
0.8455371
0.8443253
0.8432448
0.837005
0.9123461
0.8847808
0.9044635
0.9196853
0.9197584
0.9190093
0.9186701
0.9189301
0.9190728
0.9190662
0.8407782
0.8446231
0.8491506
0.8481845
0.8466413
0.8532873
0.8465009
0.8445494
0.8295861
0.813709
0.8716974
0.8947556
0.8452188
0.8456269
0.8420405
0.8414417
0.8357595
0.85138
0.6253958
0.6594462
0.5741948
0.8448591
0.8443937
0.8729639
0.9204323
0.9276056
0.9221453
0.8916879
0.8412035
0.8405088
0.8407479
0.8383772
0.8483657
0.9211763
0.9450431
0.6287234
0.9043141
0.8740507
0.9524632
0.8442486
0.8440916
0.8460869
0.
0.8810878
0.8962164
0.8464311
0.8671132
0.9044374
0.9294321
0.9281007
0.87311
0.8776126
0.921918
0.8776403
0.8758998
0.8764673
0.9044835
0.9036394
0.884066
0.9016248
0.926585
0.9022473
0.9271757
0.9230714
0.9251138
0.9219706
0.9213823
0.921715
0.9217806
0.921601
0.9019891
0.9007162
0.9039006
0.9080804
0.9061564
0.898623
0.9030001
0.9040598
0.86947
0.8644715
0.8444268
0.9068346
0.9030369
0.9024382
0.8980898
0.8720794
0.8675559
0.9074547
0.8753095
0.8739068
0.8759125
0.9048019
0.9037438
0.68592
0.9263181
0.9328674
0.9318941
0.9099479
0.90143
0.9023279
0.9022457
0.817179
0.8903898
0.9272868
0.9444912
0.8816847
0.9091807
0.8953698
0.9620453
0.9044721
0.9052745
0.8762282
0.8810878
0.
0.9111328
0.8989333
0.8848758
0.9158379
0.9303548
0.9383417
0.8850345
0.8812745
0.9272703
0.8813552
0.8811815
0.8798091
0.9145484
0.9155042
0.8839097
0.9091495
0.9163168
0.9090837
0.9295167
0.9245794
0.9227578
0.927277
0.9272431
0.92718
0.9273547
0.9272401
0.9169109
0.9155903
0.9165484
0.9193401
0.9186194
0.913188
0.9160323
0.9176841
0.884037
0.8807021
0.8922714
0.910698
0.9163194
0.9173176
0.9143583
0.8792012
0.876411
0.917897
0.8912456
0.8894707
0.8905933
0.9166859
0.9155323
0.9052666
0.9268915
0.9290043
0.9231906
0.9143075
0.9151777
0.9167696
0.916577
0.8775183
0.8914984
0.9241663
0.9469087
0.8926053
0.9195695
0.9078159
0.9633039
0.9157343
0.9156116
0.8801156
0.8962164
0.9111328
0.
0.9143532
0.7711844
0.6722822
0.9472349
0.9411512
0.7897815
0.844317
0.9341829
0.8428865
0.8406512
0.8384249
0.6667746
0.6657243
0.8793142
0.8386164
0.9469865
0.9038988
0.9247243
0.9334132
0.9371671
0.9339843
0.9340576
0.9342881
0.9344014
0.9342783
0.664386
0.6661738
0.670858
0.6782177
0.6715588
0.6738708
0.6738369
0.6692971
0.7742217
0.7540544
0.8893368
0.9112886
0.6621555
0.6719305
0.5622434
0.8334438
0.8386649
0.6764962
0.8335018
0.8307595
0.81122
0.6710878
0.6654263
0.8936722
0.9354235
0.9484557
0.9232827
0.9094838
0.6632898
0.6641673
0.6640995
0.8365142
0.8831575
0.9411346
0.9732751
0.8437043
0.9250537
0.9063201
0.9585082
0.6721961
0.6736136
0.841619
0.8464311
0.8989333
0.9143532
0.